    0.008297501     0.009009211     0.009771783     0.010587868     0.011460165     0.012391414     0.013384387     0.014441881     0.015566704     0.016761668     0.018029573     0.019373197     0.020795281     0.022298515     0.023885523     0.025558844     0.027320921     0.029174076     0.031120499     0.033162224     0.035301115     0.037538841     0.039876861     0.042316403     0.044858443     0.047503688     0.050252554     0.053105150     0.056061256     0.059120310     0.062281387     0.065543185     0.068904013     0.072361771     0.075913947     0.079557600     0.083289354     0.087105390     0.091001447     0.094972813     0.099014327     0.103120384     0.107284937     0.111501507     0.115763189     0.120062670     0.124392239     0.128743809     0.133108936     0.137478842     0.141844441     0.146196371     0.150525016     0.154820548     0.159072959     0.163272096     0.167407702     0.171469457     0.175447017     0.179330062     0.183108334     0.186771687     0.190310128     0.193713864     0.196973347     0.200079317     0.203022848     0.205795389     0.208388805     0.210795418     0.213008044     0.215020030     0.216825284     0.218418313     0.219794240     0.220948840     0.221878554     0.222580511     0.223052542     0.223293188     0.223301716     0.223078112     0.222623089     0.221938081     0.221025232     0.219887392     0.218528094     0.216951542     0.215162588     0.213166704     0.210969957     0.208578980     0.206000932     0.203243471     0.200314709     0.197223177     0.193977780     0.190587757     0.187062637     0.183412194     0.179646401     0.175775387     0.171809393     0.167758723     0.163633704     0.159444643     0.155201782     0.150915261     0.146595078     0.142251051     0.137892783     0.133529631     0.129170673     0.124824682     0.120500097     0.116205003     0.111947107     0.107733725     0.103571760     0.099467695     0.095427582     0.091457030     0.087561206     0.083744831     0.080012177     0.076367071     0.072812903     0.069352625     0.065988768     0.062723443     0.059558360     0.056494838     0.053533821     0.050675890     0.047921286     0.045269921     0.042721399     0.040275038     0.037929884     0.035684730     0.033538143     0.031488475     0.029533887     0.027672368     0.025901753     0.024219741     0.022623915     0.021111756     0.019680663     0.018327970     0.017050955     0.015846862     0.014712910     0.013646308     0.012644265     0.011704003     0.010822766     0.009997831     0.009226513     0.008506176 
    0.009009211     0.009781968     0.010609949     0.011496034     0.012443153     0.013454279     0.014532425     0.015680626     0.016901932     0.018199395     0.019576056     0.021034931     0.022578996     0.024211173     0.025934309     0.027751163     0.029664385     0.031676499     0.033789882     0.036006742     0.038329103     0.040758778     0.043297351     0.045946154     0.048706250     0.051578403     0.054563068     0.057660361     0.060870045     0.064191509     0.067623749     0.071165353     0.074814482     0.078568859     0.082425756     0.086381978     0.090433861     0.094577261     0.098807548     0.103119608     0.107507837     0.111966150     0.116487981     0.121066296     0.125693598     0.130361947     0.135062970     0.139787888     0.144527532     0.149272373     0.154012544     0.158737880     0.163437942     0.168102060     0.172719365     0.177278835     0.181769334     0.186179656     0.190498571     0.194714873     0.198817426     0.202795212     0.206637381     0.210333302     0.213872606     0.217245241     0.220441514     0.223452141     0.226268289     0.228881621     0.231284337     0.233469214     0.235429637     0.237159641     0.238653931     0.239907919     0.240917741     0.241680279     0.242193176     0.242454851     0.242464503     0.242222121     0.241728476     0.240985123     0.239994393     0.238759376     0.237283909     0.235572557     0.233630585     0.231463935     0.229079194     0.226483560     0.223684809     0.220691252     0.217511698     0.214155406     0.210632047     0.206951649     0.203124558     0.199161386     0.195072959     0.190870276     0.186564453     0.182166679     0.177688164     0.173140099     0.168533604     0.163879688     0.159189204     0.154472813     0.149740941     0.145003747     0.140271086     0.135552483     0.130857101     0.126193718     0.121570702     0.116995995     0.112477093     0.108021036     0.103634392     0.099323253     0.095093230     0.090949447     0.086896544     0.082938678     0.079079526     0.075322298     0.071669738     0.068124143     0.064687368     0.061360846     0.058145603     0.055042271     0.052051111     0.049172029     0.046404598     0.043748075     0.041201426     0.038763344     0.036432271     0.034206419     0.032083794     0.030062213     0.028139325     0.026312634     0.024579515     0.022937236     0.021382973     0.019913831     0.018526859     0.017219062     0.015987423     0.014828911     0.013740499     0.012719169     0.011761932     0.010865828     0.010027947     0.009245425 
    0.009771783     0.010609949     0.011508016     0.012469103     0.013496390     0.014593104     0.015762509     0.017007900     0.018332584     0.019739871     0.021233060     0.022815423     0.024490188     0.026260522     0.028129516     0.030100161     0.032175332     0.034357766     0.036650041     0.039054554     0.041573498     0.044208840     0.046962300     0.049835322     0.052829058     0.055944339     0.059181656     0.062541136     0.066022523     0.069625154     0.073347940     0.077189348     0.081147387     0.085219586     0.089402985     0.093694120     0.098089018     0.102583182     0.107171593     0.111848702     0.116608432     0.121444184     0.126348837     0.131314760     0.136333822     0.141397412     0.146496449     0.151621410     0.156762352     0.161908936     0.167050465     0.172175911     0.177273953     0.182333017     0.187341315     0.192286893     0.197157671     0.201941495     0.206626187     0.211199590     0.215649627     0.219964347     0.224131984     0.228141003     0.231980162     0.235638555     0.239105671     0.242371437     0.245426275     0.248261142     0.250867578     0.253237746     0.255364475     0.257241290     0.258862452     0.260222982     0.261318688     0.262146189     0.262702928     0.262987190     0.262998105     0.262735659     0.262200690     0.261394883     0.260320765     0.258981687     0.257381812     0.255526087     0.253420224     0.251070665     0.248484556     0.245669702     0.242634536     0.239388072     0.235939862     0.232299950     0.228478821     0.224487355     0.220336769     0.216038573     0.211604510     0.207046507     0.202376620     0.197606984     0.192749758     0.187817077     0.182821003     0.177773475     0.172686264     0.167570933     0.162438789     0.157300850     0.152167805     0.147049985     0.141957328     0.136899353     0.131885137     0.126923294     0.122021955     0.117188753     0.112430814     0.107754747     0.103166635     0.098672037     0.094275987     0.089982992     0.085797043     0.081721620     0.077759702     0.073913779     0.070185866     0.066577516     0.063089843     0.059723534     0.056478872     0.053355757     0.050353726     0.047471975     0.044709383     0.042064533     0.039535737     0.037121057     0.034818331     0.032625191     0.030539091     0.028557322     0.026677040     0.024895282     0.023208986     0.021615014     0.020110164     0.018691191     0.017354822     0.016097773     0.014916758     0.013808507     0.012769777     0.011797361     0.010888100     0.010038892 
    0.010587868     0.011496034     0.012469103     0.013510456     0.014623538     0.015811844     0.017078914     0.018428315     0.019863632     0.021388451     0.023006346     0.024720863     0.026535499     0.028453687     0.030478774     0.032614003     0.034862488     0.037227195     0.039710917     0.042316252     0.045045576     0.047901021     0.050884449     0.053997426     0.057241200     0.060616671     0.064124373     0.067764443     0.071536602     0.075440134     0.079473858     0.083636115     0.087924746     0.092337074     0.096869893     0.101519451     0.106281440     0.111150991     0.116122664     0.121190448     0.126347760     0.131587447     0.136901796     0.142282538     0.147720866     0.153207446     0.158732441     0.164285534     0.169855949     0.175432488     0.181003559     0.186557212     0.192081183     0.197562930     0.202989683     0.208348488     0.213626258     0.218809824     0.223885989     0.228841585     0.233663522     0.238338856     0.242854834     0.247198962     0.251359056     0.255323301     0.259080307     0.262619162     0.265929486     0.269001482     0.271825982     0.274394496     0.276699252     0.278733236     0.280490228     0.281964833     0.283152509     0.284049592     0.284653311     0.284961807     0.284974137     0.284690285     0.284111157     0.283238580     0.282075290     0.280624918     0.278891971     0.276881811     0.274600625     0.272055392     0.269253853     0.266204464     0.262916362     0.259399311     0.255663661     0.251720292     0.247580565     0.243256266     0.238759548     0.234102881     0.229298987     0.224360788     0.219301346     0.214133807     0.208871346     0.203527110     0.198114166     0.192645449     0.187133714     0.181591486     0.176031017     0.170464244     0.164902749     0.159357723     0.153839934     0.148359696     0.142926844     0.137550710     0.132240104     0.127003297     0.121848010     0.116781402     0.111810067     0.106940026     0.102176734     0.097525077     0.092989377     0.088573407     0.084280395     0.080113038     0.076073521     0.072163529     0.068384269     0.064736485     0.061220487     0.057836166     0.054583021     0.051460184     0.048466440     0.045600256     0.042859803     0.040242983     0.037747455     0.035370655     0.033109824     0.030962029     0.028924191     0.026993098     0.025165437     0.023437806     0.021806738     0.020268719     0.018820203     0.017457632     0.016177448     0.014976109     0.013850101     0.012795951     0.011810237     0.010889597 
    0.011460165     0.012443153     0.013496390     0.014623538     0.015828324     0.017114532     0.018485994     0.019946569     0.021500139     0.023150586     0.024901778     0.026757552     0.028721694     0.030797921     0.032989854     0.035301004     0.037734742     0.040294278     0.042982636     0.045802627     0.048756823     0.051847533     0.055076771     0.058446233     0.061957270     0.065610857     0.069407571     0.073347560     0.077430525     0.081655687     0.086021772     0.090526983     0.095168982     0.099944874     0.104851187     0.109883861     0.115038235     0.120309038     0.125690381     0.131175760     0.136758049     0.142429507     0.148181784     0.154005931     0.159892416     0.165831137     0.171811448     0.177822179     0.183851669     0.189887798     0.195918018     0.201929396     0.207908657     0.213842228     0.219716285     0.225516809     0.231229633     0.236840506     0.242335144     0.247699291     0.252918784     0.257979607     0.262867962     0.267570322     0.272073502     0.276364712     0.280431624     0.284262427     0.287845887     0.291171398     0.294229038     0.297009616     0.299504721     0.301706760     0.303609000     0.305205602     0.306491649     0.307463174     0.308117178     0.308451647     0.308465561     0.308158900     0.307532646     0.306588775     0.305330246     0.303760989     0.301885883     0.299710728     0.297242220     0.294487913     0.291456182     0.288156182     0.284597798     0.280791600     0.276748786     0.272481134     0.268000937     0.263320952     0.258454332     0.253414572     0.248215441     0.242870925     0.237395159     0.231802371     0.226106821     0.220322737     0.214464262     0.208545395     0.202579941     0.196581456     0.190563199     0.184538091     0.178518667     0.172517038     0.166544860     0.160613296     0.154732990     0.148914042     0.143165988     0.137497781     0.131917777     0.126433726     0.121052763     0.115781409     0.110625565     0.105590520     0.100680956     0.095900955     0.091254011     0.086743046     0.082370425     0.078137972     0.074046995     0.070098301     0.066292225     0.062628652     0.059107041     0.055726452     0.052485573     0.049382744     0.046415989     0.043583039     0.040881359     0.038308177     0.035860507     0.033535177     0.031328854     0.029238066     0.027259226     0.025388653     0.023622597     0.021957255     0.020388790     0.018913353     0.017527093     0.016226178     0.015006806     0.013865218     0.012797711     0.011800647 
    0.012391414     0.013454279     0.014593104     0.015811844     0.017114532     0.018505260     0.019988168     0.021567432     0.023247248     0.025031813     0.026925310     0.028931889     0.031055642     0.033300588     0.035670645     0.038169606     0.040801118     0.043568652     0.046475476     0.049524632     0.052718900     0.056060775     0.059552439     0.063195723     0.066992088     0.070942589     0.075047850     0.079308032     0.083722811     0.088291346     0.093012258     0.097883605     0.102902860     0.108066893     0.113371949     0.118813641     0.124386926     0.130086107     0.135904818     0.141836024     0.147872023     0.154004443     0.160224259     0.166521793     0.172886739     0.179308175     0.185774590     0.192273907     0.198793519     0.205320319     0.211840742     0.218340805     0.224806153     0.231222111     0.237573733     0.243845859     0.250023175     0.256090268     0.262031697     0.267832046     0.273476002     0.278948412     0.284234353     0.289319204     0.294188704     0.298829028     0.303226844     0.307369382     0.311244493     0.314840713     0.318147310     0.321154349     0.323852733     0.326234253     0.328291627     0.330018543     0.331409683     0.332460756     0.333168520     0.333530796     0.333546480     0.333215551     0.332539069     0.331519169     0.330159049     0.328462959     0.326436171     0.324084957     0.321416554     0.318439130     0.315161740     0.311594278     0.307747433     0.303632631     0.299261980     0.294648213     0.289804620     0.284744992     0.279483551     0.274034886     0.268413883     0.262635662     0.256715507     0.250668800     0.244510958     0.238257363     0.231923306     0.225523924     0.219074140     0.212588611     0.206081674     0.199567296     0.193059032     0.186569975     0.180112728     0.173699359     0.167341378     0.161049706     0.154834651     0.148705895     0.142672472     0.136742762     0.130924480     0.125224677     0.119649735     0.114205372     0.108896650     0.103727985     0.098703156     0.093825323     0.089097042     0.084520290     0.080096478     0.075826484     0.071710669     0.067748911     0.063940626     0.060284799     0.056780013     0.053424476     0.050216052     0.047152288     0.044230445     0.041447529     0.038800312     0.036285367     0.033899090     0.031637729     0.029497406     0.027474146     0.025563893     0.023762537     0.022065931     0.020469914     0.018970324     0.017563019     0.016243888     0.015008869     0.013853959     0.012775226 
    0.013384387     0.014532425     0.015762509     0.017078914     0.018485994     0.019988168     0.021589910     0.023295730     0.025110160     0.027037733     0.029082969     0.031250348     0.033544293     0.035969142     0.038529129     0.041228351     0.044070747     0.047060066     0.050199839     0.053493350     0.056943604     0.060553297     0.064324781     0.068260039     0.072360648     0.076627747     0.081062010     0.085663612     0.090432203     0.095366874     0.100466138     0.105727895     0.111149419     0.116727326     0.122457564     0.128335391     0.134355364     0.140511327     0.146796406     0.153203002     0.159722796     0.166346748     0.173065106     0.179867420     0.186742558     0.193678723     0.200663482     0.207683792     0.214726035     0.221776055     0.228819199     0.235840365     0.242824048     0.249754398     0.256615272     0.263390296     0.270062927     0.276616520     0.283034394     0.289299902     0.295396501     0.301307826     0.307017758     0.312510504     0.317770661     0.322783295     0.327534007     0.332009004     0.336195164     0.340080101     0.343652228     0.346900809     0.349816019     0.352388991     0.354611861     0.356477808     0.357981089     0.359117067     0.359882241     0.360274254     0.360291916     0.359935202     0.359205255     0.358104379     0.356636031     0.354804796     0.352616369     0.350077523     0.347196075     0.343980843     0.340441606     0.336589052     0.332434723     0.327990959     0.323270838     0.318288108     0.313057125     0.307592782     0.301910440     0.296025854     0.289955101     0.283714512     0.277320593     0.270789958     0.264139255     0.257385100     0.250544007     0.243632322     0.236666165     0.229661365     0.222633407     0.215597377     0.208567912     0.201559157     0.194584721     0.187657640     0.180790346     0.173994632     0.167281635     0.160661810     0.154144917     0.147740005     0.141455410     0.135298745     0.129276907     0.123396071     0.117661707     0.112078583     0.106650783     0.101381721     0.096274160     0.091330234     0.086551472     0.081938820     0.077492673     0.073212898     0.069098866     0.065149484     0.061363222     0.057738146     0.054271950     0.050961988     0.047805304     0.044798663     0.041938582     0.039221360     0.036643108     0.034199773     0.031887171     0.029701006     0.027636902     0.025690420     0.023857084     0.022132399     0.020511871     0.018991029     0.017565433     0.016230698     0.014982500     0.013816594 
    0.014441881     0.015680626     0.017007900     0.018428315     0.019946569     0.021567432     0.023295730     0.025136330     0.027094121     0.029173995     0.031380829     0.033719458     0.036194653     0.038811097     0.041573356     0.044485853     0.047552837     0.050778354     0.054166214     0.057719960     0.061442836     0.065337749     0.069407240     0.073653447     0.078078071     0.082682344     0.087466991     0.092432202     0.097577600     0.102902205     0.108404410     0.114081953     0.119931890     0.125950573     0.132133628     0.138475940     0.144971635     0.151614073     0.158395835     0.165308725     0.172343765     0.179491202     0.186740514     0.194080426     0.201498927     0.208983288     0.216520095     0.224095274     0.231694133     0.239301397     0.246901257     0.254477418     0.262013151     0.269491352     0.276894605     0.284205242     0.291405415     0.298477163     0.305402488     0.312163429     0.318742134     0.325120947     0.331282476     0.337209679     0.342885939     0.348295139     0.353421745     0.358250873     0.362768364     0.366960855     0.370815840     0.374321738     0.377467946     0.380244897     0.382644103     0.384658205     0.386281004     0.387507499     0.388333909     0.388757692     0.388777560     0.388393486     0.387606703     0.386419696     0.384836192     0.382861138     0.380500678     0.377762117     0.374653887     0.371185505     0.367367517     0.363211455     0.358729771     0.353935778     0.348843584     0.343468023     0.337824582     0.331929330     0.325798837     0.319450103     0.312900472     0.306167564     0.299269187     0.292223264     0.285047759     0.277760597     0.270379595     0.262922390     0.255406374     0.247848624     0.240265847     0.232674319     0.225089835     0.217527653     0.210002459     0.202528317     0.195118640     0.187786153     0.180542872     0.173400077     0.166368300     0.159457305     0.152676087     0.146032860     0.139535066     0.133189370     0.127001673     0.120977122     0.115120124     0.109434364     0.103922824     0.098587810     0.093430970     0.088453329     0.083655313     0.079036781     0.074597057     0.070334962     0.066248847     0.062336629     0.058595820     0.055023568     0.051616684     0.048371681     0.045284803     0.042352058     0.039569252     0.036932014     0.034435830     0.032076070     0.029848010     0.027746865     0.025767806     0.023905984     0.022156555     0.020514692     0.018975608     0.017534573     0.016186923     0.014928077 
    0.015566704     0.016901932     0.018332584     0.019863632     0.021500139     0.023247248     0.025110160     0.027094121     0.029204401     0.031446274     0.033824996     0.036345779     0.039013765     0.041834003     0.044811414     0.047950766     0.051256639     0.054733394     0.058385138     0.062215692     0.066228549     0.070426846     0.074813320     0.079390277     0.084159551     0.089122468     0.094279813     0.099631790     0.105177991     0.110917362     0.116848171     0.122967981     0.129273617     0.135761148     0.142425861     0.149262242     0.156263960     0.163423859     0.170733943     0.178185377     0.185768484     0.193472753     0.201286844     0.209198603     0.217195084     0.225262569     0.233386597     0.241552002     0.249742945     0.257942964     0.266135018     0.274301545     0.282424512     0.290485486     0.298465693     0.306346090     0.314107439     0.321730383     0.329195520     0.336483491     0.343575056     0.350451181     0.357093123     0.363482512     0.369601435     0.375432523     0.380959030     0.386164914     0.391034913     0.395554621     0.399710562     0.403490249     0.406882255     0.409876265     0.412463133     0.414634922     0.416384954     0.417707834     0.418599486     0.419057170     0.419079497     0.418666436     0.417819313     0.416540808     0.414834935     0.412707025     0.410163698     0.407212827     0.403863500     0.400125970     0.396011606     0.391532834     0.386703073     0.381536672     0.376048835     0.370255549     0.364173506     0.357820022     0.351212957     0.344370631     0.337311740     0.330055270     0.322620415     0.315026493     0.307292864     0.299438847     0.291483644     0.283446265     0.275345454     0.267199616     0.259026759     0.250844424     0.242669633     0.234518836     0.226407857     0.218351856     0.210365290     0.202461875     0.194654562     0.186955509     0.179376068     0.171926764     0.164617291     0.157456506     0.150452429     0.143612245     0.136942316     0.130448190     0.124134620     0.118005577     0.112064278     0.106313209     0.100754150     0.095388205     0.090215837     0.085236896     0.080450654     0.075855843     0.071450687     0.067232944     0.063199934     0.059348586     0.055675464     0.052176811     0.048848582     0.045686477     0.042685975     0.039842370     0.037150798     0.034606269     0.032203695     0.029937919     0.027803738     0.025795929     0.023909271     0.022138564     0.020478650     0.018924430     0.017470880     0.016113065 
    0.016761668     0.018199395     0.019739871     0.021388451     0.023150586     0.025031813     0.027037733     0.029173995     0.031446274     0.033860249     0.036421578     0.039135874     0.042008675     0.045045416     0.048251397     0.051631751     0.055191411     0.058935073     0.062867159     0.066991782     0.071312706     0.075833308     0.080556535     0.085484871     0.090620290     0.095964221     0.101517509     0.107280375     0.113252379     0.119432387     0.125818535     0.132408197     0.139197958     0.146183584     0.153360001     0.160721271     0.168260581     0.175970222     0.183841588     0.191865165     0.200030534     0.208326378     0.216740486     0.225259774     0.233870301     0.242557297     0.251305193     0.260097658     0.268917638     0.277747409     0.286568623     0.295362368     0.304109230     0.312789360     0.321382545     0.329868280     0.338225852     0.346434417     0.354473085     0.362321011     0.369957480     0.377361997     0.384514379     0.391394847     0.397984114     0.404263477     0.410214906     0.415821125     0.421065703     0.425933127     0.430408886     0.434479535     0.438132768     0.441357480     0.444143820     0.446483242     0.448368554     0.449793947     0.450755030     0.451248852     0.451273915     0.450830186     0.449919091     0.448543512     0.446707771     0.444417607     0.441680145     0.438503861     0.434898537     0.430875213     0.426446127     0.421624656     0.416425249     0.410863352     0.404955333     0.398718406     0.392170539     0.385330377     0.378217147     0.370850573     0.363250783     0.355438219     0.347433545     0.339257559     0.330931105     0.322474983     0.313909868     0.305256225     0.296534234     0.287763714     0.278964050     0.270154131     0.261352283     0.252576216     0.243842969     0.235168865     0.226569468     0.218059547     0.209653046     0.201363059     0.193201805     0.185180619     0.177309939     0.169599303     0.162057346     0.154691806     0.147509533     0.140516505     0.133717837     0.127117809     0.120719886     0.114526746     0.108540307     0.102761762     0.097191610     0.091829690     0.086675223     0.081726845     0.076982647     0.072440215     0.068096668     0.063948700     0.059992616     0.056224373     0.052639617     0.049233720     0.046001819     0.042938846     0.040039569     0.037298615     0.034710510     0.032269703     0.029970594     0.027807561     0.025774983     0.023867265     0.022078854     0.020404262     0.018838081     0.017374998 
    0.018029573     0.019576056     0.021233060     0.023006346     0.024901778     0.026925310     0.029082969     0.031380829     0.033824996     0.036421578     0.039176662     0.042096284     0.045186403     0.048452864     0.051901368     0.055537438     0.059366378     0.063393241     0.067622783     0.072059429     0.076707228     0.081569812     0.086650352     0.091951519     0.097475438     0.103223646     0.109197052     0.115395894     0.121819699     0.128467249     0.135336538     0.142424744     0.149728191     0.157242328     0.164961695     0.172879909     0.180989639     0.189282596     0.197749522     0.206380185     0.215163379     0.224086930     0.233137705     0.242301631     0.251563714     0.260908067     0.270317943     0.279775778     0.289263229     0.298761231     0.308250049     0.317709342     0.327118228     0.336455358     0.345698990     0.354827069     0.363817315     0.372647309     0.381294582     0.389736712     0.397951417     0.405916653     0.413610712     0.421012317     0.428100724     0.434855815     0.441258195     0.447289283     0.452931405     0.458167874     0.462983080     0.467362563     0.471293084     0.474762697     0.477760806     0.480278219     0.482307197     0.483841491     0.484876377     0.485408679     0.485436785     0.484960657     0.483981828     0.482503396     0.480530007     0.478067833     0.475124536     0.471709229     0.467832435     0.463506022     0.458743155     0.453558219     0.447966752     0.441985366     0.435631666     0.428924163     0.421882183     0.414525777     0.406875624     0.398952937     0.390779364     0.382376888     0.373767737     0.364974277     0.356018927     0.346924057     0.337711902     0.328404475     0.319023480     0.309590231     0.300125579     0.290649839     0.281182722     0.271743276     0.262349827     0.253019931     0.243770330     0.234616908     0.225574664     0.216657680     0.207879101     0.199251120     0.190784963     0.182490891     0.174378191     0.166455189     0.158729255     0.151206817     0.143893381     0.136793552     0.129911059     0.123248783     0.116808790     0.110592365     0.104600047     0.098831666     0.093286387     0.087962744     0.082858688     0.077971623     0.073298456     0.068835630     0.064579177     0.060524748     0.056667664     0.053002951     0.049525380     0.046229503     0.043109693     0.040160176     0.037375067     0.034748395     0.032274140     0.029946258     0.027758706     0.025705466     0.023780569     0.021978113     0.020292282     0.018717365 
    0.019373197     0.021034931     0.022815423     0.024720863     0.026757552     0.028931889     0.031250348     0.033719458     0.036345779     0.039135874     0.042096284     0.045233497     0.048553913     0.052063814     0.055769327     0.059676385     0.063790689     0.068117668     0.072662434     0.077429740     0.082423938     0.087648931     0.093108127     0.098804396     0.104740021     0.110916655     0.117335275     0.123996137     0.130898734     0.138041756     0.145423050     0.153039582     0.160887405     0.168961627     0.177256385     0.185764818     0.194479051     0.203390177     0.212488250     0.221762275     0.231200212     0.240788982     0.250514473     0.260361563     0.270314144     0.280355143     0.290466569     0.300629547     0.310824371     0.321030553     0.331226891     0.341391528     0.351502026     0.361535447     0.371468428     0.381277273     0.390938042     0.400426645     0.409718940     0.418790836     0.427618389     0.436177915     0.444446086     0.452400042     0.460017492     0.467276821     0.474157187     0.480638626     0.486702144     0.492329813     0.497504858     0.502211741     0.506436238     0.510165510     0.513388170     0.516094342     0.518275707     0.519925552     0.521038798     0.521612030     0.521643516     0.521133212     0.520082763     0.518495497     0.516376405     0.513732114     0.510570855     0.506902420     0.502738110     0.498090678     0.492974265     0.487404325     0.481397552     0.474971792     0.468145960     0.460939941     0.453374500     0.445471177     0.437252191     0.428740331     0.419958855     0.410931382     0.401681791     0.392234115     0.382612438     0.372840795     0.362943075     0.352942929     0.342863676     0.332728215     0.322558949     0.312377705     0.302205661     0.292063282     0.281970258     0.271945454     0.262006856     0.252171533     0.242455599     0.232874186     0.223441419     0.214170397     0.205073187     0.196160811     0.187443251     0.178929455     0.170627341     0.162543819     0.154684806     0.147055253     0.139659167     0.132499648     0.125578918     0.118898359     0.112458552     0.106259320     0.100299766     0.094578319     0.089092779     0.083840362     0.078817745     0.074021112     0.069446199     0.065088340     0.060942508     0.057003362     0.053265287     0.049722433     0.046368756     0.043198055     0.040204009     0.037380205     0.034720179     0.032217438     0.029865491     0.027657875     0.025588177     0.023650060     0.021837275     0.020143689 
    0.020795281     0.022578996     0.024490188     0.026535499     0.028721694     0.031055642     0.033544293     0.036194653     0.039013765     0.042008675     0.045186403     0.048553913     0.052118075     0.055885634     0.059863165     0.064057038     0.068473373     0.073117996     0.077996395     0.083113674     0.088474503     0.094083072     0.099943040     0.106057488     0.112428868     0.119058953     0.125948792     0.133098661     0.140508018     0.148175455     0.156098662     0.164274384     0.172698384     0.181365413     0.190269177     0.199402312     0.208756366     0.218321779     0.228087876     0.238042855     0.248173795     0.258466656     0.268906292     0.279476472     0.290159905     0.300938269     0.311792250     0.322701591     0.333645138     0.344600903     0.355546127     0.366457350     0.377310488     0.388080920     0.398743569     0.409273002     0.419643521     0.429829269     0.439804333     0.449542853     0.459019131     0.468207741     0.477083647     0.485622310     0.493799804     0.501592925     0.508979304     0.515937511     0.522447157     0.528488999     0.534045029     0.539098569     0.543634349     0.547638589     0.551099064     0.554005171     0.556347982     0.558120287     0.559316633     0.559933355     0.559968591     0.559422290     0.558296217     0.556593943     0.554320820     0.551483961     0.548092199     0.544156041     0.539687613     0.534700604     0.529210187     0.523232948     0.516786804     0.509890907     0.502565555     0.494832091     0.486712799     0.478230799     0.469409934     0.460274664     0.450849950     0.441161143     0.431233869     0.421093921     0.410767148     0.400279347     0.389656158     0.378922963     0.368104789     0.357226217     0.346311289     0.335383431     0.324465376     0.313579087     0.302745699     0.291985459     0.281317673     0.270760661     0.260331721     0.250047093     0.239921939     0.229970320     0.220205188     0.210638376     0.201280600     0.192141462     0.183229467     0.174552031     0.166115509     0.157925216     0.149985455     0.142299556     0.134869907     0.127697995     0.120784447     0.114129073     0.107730916     0.101588292     0.095698843     0.090059584     0.084666952     0.079516855     0.074604718     0.069925538     0.065473922     0.061244140     0.057230169     0.053425734     0.049824350     0.046419364     0.043203995     0.040171363     0.037314532     0.034626536     0.032100411     0.029729221     0.027506086     0.025424206     0.023476878     0.021657517 
    0.022298515     0.024211173     0.026260522     0.028453687     0.030797921     0.033300588     0.035969142     0.038811097     0.041834003     0.045045416     0.048452864     0.052063814     0.055885634     0.059925555     0.064190630     0.068687687     0.073423290     0.078403686     0.083634762     0.089121988     0.094870374     0.100884412     0.107168028     0.113724524     0.120556530     0.127665949     0.135053906     0.142720697     0.150665741     0.158887530     0.167383586     0.176150421     0.185183493     0.194477172     0.204024711     0.213818215     0.223848621     0.234105681     0.244577946     0.255252765     0.266116281     0.277153442     0.288348008     0.299682576     0.311138605     0.322696451     0.334335405     0.346033746     0.357768792     0.369516968     0.381253869     0.392954341     0.404592562     0.416142130     0.427576158     0.438867374     0.449988224     0.460910984     0.471607868     0.482051147     0.492213266     0.502066963     0.511585392     0.520742241     0.529511854     0.537869351     0.545790747     0.553253060     0.560234431     0.566714222     0.572673127     0.578093258     0.582958243     0.587253303     0.590965331     0.594082955     0.596596600     0.598498533     0.599782907     0.600445789     0.600485178     0.599901021     0.598695207     0.596871561     0.594435821     0.591395611     0.587760398     0.583541446     0.578751755     0.573405999     0.567520444     0.561112873     0.554202491     0.546809833     0.538956661     0.530665854     0.521961306     0.512867801     0.503410903     0.493616836     0.483512360     0.473124655     0.462481196     0.451609637     0.440537691     0.429293015     0.417903100     0.406395159     0.394796026     0.383132053     0.371429020     0.359712043     0.348005493     0.336332922     0.324716990     0.313179406     0.301740868     0.290421021     0.279238411     0.268210454     0.257353405     0.246682344     0.236211157     0.225952534     0.215917966     0.206117752     0.196561011     0.187255698     0.178208629     0.169425503     0.160910942     0.152668514     0.144700786     0.137009353     0.129594891     0.122457202     0.115595260     0.109007266     0.102690694     0.096642347     0.090858408     0.085334494     0.080065704     0.075046675     0.070271631     0.065734432     0.061428621     0.057347475     0.053484044     0.049831200     0.046381672     0.043128090     0.040063018     0.037178990     0.034468542     0.031924241     0.029538714     0.027304668     0.025214921     0.023262415 
    0.023885523     0.025934309     0.028129516     0.030478774     0.032989854     0.035670645     0.038529129     0.041573356     0.044811414     0.048251397     0.051901368     0.055769327     0.059863165     0.064190630     0.068759274     0.073576415     0.078649081     0.083983967     0.089587376     0.095465170     0.101622716     0.108064826     0.114795705     0.121818890     0.129137201     0.136752675     0.144666518     0.152879049     0.161389644     0.170196690     0.179297535     0.188688440     0.198364541     0.208319811     0.218547021     0.229037717     0.239782191     0.250769466     0.261987280     0.273422083     0.285059033     0.296882007     0.308873611     0.321015205     0.333286929     0.345667741     0.358135462     0.370666825     0.383237535     0.395822341     0.408395101     0.420928874     0.433396000     0.445768200     0.458016674     0.470112211     0.482025297     0.493726236     0.505185264     0.516372682     0.527258973     0.537814936     0.548011815     0.557821425     0.567216287     0.576169749     0.584656119     0.592650780     0.600130317     0.607072624     0.613457018     0.619264341     0.624477052     0.629079321     0.633057105     0.636398224     0.639092419     0.641131405     0.642508916     0.643220738     0.643264726     0.642640819     0.641351039     0.639399480     0.636792285     0.633537617     0.629645615     0.625128339     0.619999713     0.614275448     0.607972966     0.601111311     0.593711051     0.585794177     0.577383995     0.568505010     0.559182808     0.549443936     0.539315772     0.528826400     0.518004482     0.506879126     0.495479760     0.483835999     0.471977526     0.459933963     0.447734752     0.435409039     0.422985563     0.410492551     0.397957612     0.385407647     0.372868761     0.360366176     0.347924165     0.335565979     0.323313789     0.311188635     0.299210383     0.287397687     0.275767960     0.264337353     0.253120743     0.242131722     0.231382600     0.220884411     0.210646924     0.200678663     0.190986929     0.181577832     0.172456322     0.163626228     0.155090300     0.146850250     0.138906808     0.131259764     0.123908023     0.116849661     0.110081979     0.103601555     0.097404306     0.091485540     0.085840014     0.080461986     0.075345274     0.070483305     0.065869168     0.061495666     0.057355360     0.053440616     0.049743652     0.046256577     0.042971430     0.039880218     0.036974949     0.034247665     0.031690470     0.029295559     0.027055238     0.024961951 
