    0.000489973     0.000549459     0.000614884     0.000686668     0.000765235     0.000851018     0.000944448     0.001045953     0.001155957     0.001274871     0.001403092     0.001540995     0.001688930     0.001847214     0.002016127     0.002195907     0.002386740     0.002588758     0.002802032     0.003026565     0.003262286     0.003509049     0.003766621     0.004034685     0.004312833     0.004600561     0.004897272     0.005202270     0.005514761     0.005833857     0.006158573     0.006487832     0.006820470     0.007155241     0.007490821     0.007825819     0.008158784     0.008488213     0.008812565     0.009130270     0.009439741     0.009739391     0.010027641     0.010302934     0.010563755     0.010808637     0.011036180     0.011245061     0.011434051     0.011602020     0.011747957     0.011870973     0.011970314     0.012045365     0.012095661     0.012120889     0.012120893     0.012095671     0.012045381     0.011970337     0.011871004     0.011747995     0.011602065     0.011434103     0.011245122     0.011036248     0.010808714     0.010563841     0.010303029     0.010027745     0.009739505     0.009439865     0.009130404     0.008812710     0.008488369     0.008158951     0.007825997     0.007491010     0.007155441     0.006820681     0.006488054     0.006158805     0.005834100     0.005515015     0.005202533     0.004897544     0.004600842     0.004313122     0.004034982     0.003766924     0.003509357     0.003262600     0.003026883     0.002802353     0.002589081     0.002387063     0.002196230     0.002016449     0.001847534     0.001689247     0.001541309     0.001403401     0.001275174     0.001156253     0.001046242     0.000944729     0.000851291     0.000765499     0.000686921     0.000615127     0.000549692     0.000490195     0.000436230     0.000387398     0.000343316     0.000303619     0.000267953     0.000235985     0.000207398     0.000181896     0.000159198     0.000139042     0.000121186     0.000105403     0.000091485     0.000079240     0.000068491     0.000059077     0.000050851     0.000043680     0.000037442     0.000032028     0.000027339     0.000023289     0.000019797     0.000016794     0.000014217     0.000012010     0.000010125     0.000008518     0.000007151     0.000005991     0.000005009     0.000004179     0.000003479     0.000002890     0.000002396     0.000001983     0.000001637     0.000001349     0.000001109     0.000000910     0.000000745     0.000000609     0.000000496     0.000000404     0.000000328     0.000000266     0.000000215     0.000000173 
    0.000549459     0.000616166     0.000689535     0.000770033     0.000858140     0.000954337     0.001059109     0.001172938     0.001296297     0.001429648     0.001573436     0.001728081     0.001893976     0.002071477     0.002260897     0.002462503     0.002676504     0.002903049     0.003142216     0.003394008     0.003658348     0.003935069     0.004223912     0.004524521     0.004836437     0.005159098     0.005491831     0.005833857     0.006184287     0.006542123     0.006906261     0.007275494     0.007648517     0.008023931     0.008400253     0.008775922     0.009149310     0.009518734     0.009882464     0.010238740     0.010585784     0.010921813     0.011245058     0.011553774     0.011846260     0.012120873     0.012376041     0.012610282     0.012822216     0.013010579     0.013174234     0.013312185     0.013423586     0.013507750     0.013564153     0.013592445     0.013592449     0.013564166     0.013507772     0.013423618     0.013312226     0.013174285     0.013010639     0.012822287     0.012610363     0.012376133     0.012120976     0.011846376     0.011553902     0.011245198     0.010921967     0.010585951     0.010238921     0.009882659     0.009518943     0.009149534     0.008776161     0.008400507     0.008024200     0.007648801     0.007275793     0.006906574     0.006542450     0.006184628     0.005834211     0.005492197     0.005159476     0.004836826     0.004524920     0.004224319     0.003935484     0.003658770     0.003394436     0.003142647     0.002903483     0.002676940     0.002462938     0.002261331     0.002071908     0.001894403     0.001728503     0.001573851     0.001430056     0.001296696     0.001173327     0.001059488     0.000954704     0.000858494     0.000770374     0.000689862     0.000616480     0.000549758     0.000489238     0.000434475     0.000385040     0.000340520     0.000300521     0.000264670     0.000232611     0.000204010     0.000178554     0.000155949     0.000135923     0.000118222     0.000102613     0.000088879     0.000076823     0.000066265     0.000057039     0.000048995     0.000041998     0.000035926     0.000030668     0.000026124     0.000022208     0.000018839     0.000015949     0.000013473     0.000011359     0.000009556     0.000008022     0.000006721     0.000005619     0.000004688     0.000003903     0.000003243     0.000002689     0.000002225     0.000001837     0.000001513     0.000001244     0.000001021     0.000000836     0.000000683     0.000000557     0.000000453     0.000000368     0.000000298     0.000000241     0.000000195 
    0.000614884     0.000689535     0.000771639     0.000861723     0.000960320     0.001067972     0.001185220     0.001312602     0.001450650     0.001599879     0.001760788     0.001933848     0.002119496     0.002318132     0.002530107     0.002755719     0.002995202     0.003248722     0.003516367     0.003798141     0.004093956     0.004403626     0.004726863     0.005063266     0.005412323     0.005773403     0.006145756     0.006528508     0.006920664     0.007321108     0.007728605     0.008141804     0.008559243     0.008979359     0.009400490     0.009820891     0.010238740     0.010652152     0.011059192     0.011457891     0.011846258     0.012222299     0.012584034     0.012929509     0.013256823     0.013564134     0.013849686     0.014111819     0.014348989     0.014559781     0.014742923     0.014897301     0.015021968     0.015116153     0.015179274     0.015210935     0.015210941     0.015179292     0.015116184     0.015022011     0.014897357     0.014742991     0.014559862     0.014349084     0.014111928     0.013849810     0.013564273     0.013256978     0.012929681     0.012584222     0.012222505     0.011846482     0.011458133     0.011059454     0.010652433     0.010239040     0.009821211     0.009400831     0.008979719     0.008559624     0.008142204     0.007729025     0.007321547     0.006921121     0.006528982     0.006146247     0.005773910     0.005412844     0.005063801     0.004727409     0.004404183     0.004094522     0.003798714     0.003516945     0.003249304     0.002995786     0.002756303     0.002530689     0.002318710     0.002120069     0.001934414     0.001761346     0.001600426     0.001451185     0.001313124     0.001185727     0.001068464     0.000960796     0.000862180     0.000772079     0.000689955     0.000615285     0.000547556     0.000486269     0.000430944     0.000381120     0.000336355     0.000296232     0.000260352     0.000228343     0.000199852     0.000174553     0.000152140     0.000132329     0.000114858     0.000099487     0.000085994     0.000074176     0.000063849     0.000054846     0.000047014     0.000040217     0.000034331     0.000029246     0.000024862     0.000021091     0.000017855     0.000015084     0.000012717     0.000010699     0.000008982     0.000007525     0.000006291     0.000005249     0.000004370     0.000003631     0.000003011     0.000002491     0.000002057     0.000001695     0.000001393     0.000001143     0.000000936     0.000000765     0.000000624     0.000000508     0.000000412     0.000000334     0.000000270     0.000000218 
    0.000686668     0.000770033     0.000861723     0.000962323     0.001072431     0.001192651     0.001323586     0.001465840     0.001620004     0.001786655     0.001966349     0.002159611     0.002366933     0.002588758     0.002825480     0.003077430     0.003344872     0.003627988     0.003926879     0.004241548     0.004571898     0.004917720     0.005278692     0.005654368     0.006044175     0.006447409     0.006863231     0.007290667     0.007728605     0.008175799     0.008630868     0.009092305     0.009558478     0.010027639     0.010497934     0.010967414     0.011434044     0.011895719     0.012350279     0.012795524     0.013229230     0.013649172     0.014053137     0.014438945     0.014804470     0.015147658     0.015466547     0.015759283     0.016024141     0.016259542     0.016464066     0.016636467     0.016775689     0.016880871     0.016951361     0.016986720     0.016986728     0.016951385     0.016880911     0.016775745     0.016636541     0.016464157     0.016259651     0.016024268     0.015759429     0.015466712     0.015147844     0.014804677     0.014439174     0.014053388     0.013649447     0.013229530     0.012795848     0.012350629     0.011896095     0.011434446     0.010967843     0.010498390     0.010028121     0.009558987     0.009092840     0.008631430     0.008176386     0.007729217     0.007291302     0.006863889     0.006448087     0.006044873     0.005655083     0.005279423     0.004918465     0.004572654     0.004242315     0.003927653     0.003628767     0.003345653     0.003078211     0.002826259     0.002589532     0.002367699     0.002160368     0.001967094     0.001787386     0.001620719     0.001466538     0.001324265     0.001193308     0.001073067     0.000962935     0.000862310     0.000770596     0.000687204     0.000611564     0.000543117     0.000481329     0.000425684     0.000375689     0.000330877     0.000290805     0.000255054     0.000223234     0.000194978     0.000169944     0.000147817     0.000128303     0.000111134     0.000096063     0.000082863     0.000071328     0.000061271     0.000052523     0.000044930     0.000038355     0.000032674     0.000027777     0.000023565     0.000019950     0.000016854     0.000014209     0.000011954     0.000010036     0.000008409     0.000007030     0.000005866     0.000004884     0.000004058     0.000003364     0.000002784     0.000002299     0.000001894     0.000001557     0.000001278     0.000001046     0.000000855     0.000000697     0.000000567     0.000000461     0.000000373     0.000000302     0.000000244 
    0.000765235     0.000858140     0.000960320     0.001072431     0.001195138     0.001329113     0.001475030     0.001633560     0.001805363     0.001991082     0.002191337     0.002406712     0.002637755     0.002884962     0.003148769     0.003429547     0.003727589     0.004043100     0.004376189     0.004726863     0.005095010     0.005480401     0.005882676     0.006301336     0.006735745     0.007185116     0.007648517     0.008124859     0.008612906     0.009111267     0.009618405     0.010132639     0.010652151     0.011174993     0.011699100     0.012222297     0.012742319     0.013256818     0.013763389     0.014259578     0.014742909     0.015210900     0.015661086     0.016091039     0.016498387     0.016880843     0.017236220     0.017562451     0.017857615     0.018119951     0.018347877     0.018540005     0.018695158     0.018812376     0.018890933     0.018930339     0.018930350     0.018890965     0.018812429     0.018695233     0.018540104     0.018347998     0.018120096     0.017857784     0.017562645     0.017236440     0.016881091     0.016498664     0.016091344     0.015661422     0.015211267     0.014743308     0.014260010     0.013763855     0.013257319     0.012742855     0.012222869     0.011699707     0.011175636     0.010652830     0.010133353     0.009619154     0.009112049     0.008613721     0.008125706     0.007649393     0.007186020     0.006736675     0.006302290     0.005883650     0.005481395     0.005096019     0.004727884     0.004377221     0.004044138     0.003728630     0.003430589     0.003149807     0.002885993     0.002638777     0.002407721     0.002192330     0.001992057     0.001806317     0.001634490     0.001475935     0.001329990     0.001195985     0.001073247     0.000961104     0.000858890     0.000765951     0.000681650     0.000605366     0.000536503     0.000474485     0.000418764     0.000368819     0.000324156     0.000284310     0.000248843     0.000217349     0.000189446     0.000164782     0.000143032     0.000123894     0.000107094     0.000092380     0.000079522     0.000068311     0.000058559     0.000050095     0.000042765     0.000036432     0.000030972     0.000026276     0.000022245     0.000018794     0.000015845     0.000013331     0.000011192     0.000009378     0.000007841     0.000006542     0.000005447     0.000004526     0.000003753     0.000003105     0.000002564     0.000002113     0.000001737     0.000001425     0.000001167     0.000000954     0.000000778     0.000000633     0.000000514     0.000000416     0.000000337     0.000000272 
    0.000851018     0.000954337     0.001067972     0.001192651     0.001329113     0.001478106     0.001640381     0.001816682     0.002007744     0.002214282     0.002436985     0.002676504     0.002933447     0.003208366     0.003501746     0.003813999     0.004145451     0.004496331     0.004866760     0.005256743     0.005666160     0.006094754     0.006542123     0.007007715     0.007490821     0.007990567     0.008505914     0.009035655     0.009578411     0.010132639     0.010696627     0.011268507     0.011846256     0.012427709     0.013010568     0.013592416     0.014170732     0.014742907     0.015306264     0.015858076     0.016395589     0.016916042     0.017416695     0.017894845     0.018347858     0.018773188     0.019168402     0.019531205     0.019859458     0.020151203     0.020404681     0.020618348     0.020790894     0.020921254     0.021008619     0.021052445     0.021052459     0.021008662     0.020921325     0.020790995     0.020618478     0.020404842     0.020151395     0.019859683     0.019531463     0.019168696     0.018773518     0.018348225     0.017895251     0.017417141     0.016916530     0.016396119     0.015858651     0.015306884     0.014743573     0.014171444     0.013593175     0.013011375     0.012428563     0.011847158     0.011269456     0.010697622     0.010133679     0.009579495     0.009036780     0.008507079     0.007991768     0.007492057     0.007008982     0.006543418     0.006096074     0.005667501     0.005258101     0.004868130     0.004497710     0.004146835     0.003815383     0.003503125     0.003209736     0.002934805     0.002677846     0.002438305     0.002215578     0.002009012     0.001817918     0.001641583     0.001479271     0.001330239     0.001193735     0.001069013     0.000955334     0.000851969     0.000758210     0.000673368     0.000596777     0.000527799     0.000465825     0.000410273     0.000360596     0.000316276     0.000276827     0.000241795     0.000210758     0.000183324     0.000159129     0.000137841     0.000119152     0.000102784     0.000088480     0.000076008     0.000065159     0.000055742     0.000047587     0.000040541     0.000034466     0.000029241     0.000024756     0.000020916     0.000017635     0.000014837     0.000012457     0.000010438     0.000008727     0.000007282     0.000006063     0.000005038     0.000004177     0.000003457     0.000002854     0.000002352     0.000001934     0.000001587     0.000001300     0.000001062     0.000000866     0.000000705     0.000000572     0.000000464     0.000000375     0.000000303 
    0.000944448     0.001059109     0.001185220     0.001323586     0.001475030     0.001640381     0.001820470     0.002016127     0.002228165     0.002457378     0.002704530     0.002970346     0.003255497     0.003560597     0.003886186     0.004232721     0.004600561     0.004989962     0.005401059     0.005833857     0.006288222     0.006763869     0.007260352     0.007777060     0.008313204     0.008867815     0.009439740     0.010027638     0.010629981     0.011245055     0.011870961     0.012505625     0.013146802     0.013792090     0.014438939     0.015084666     0.015726472     0.016361464     0.016986670     0.017599063     0.018195588     0.018773180     0.019328797     0.019859442     0.020362190     0.020834216     0.021272820     0.021675454     0.022039745     0.022363521     0.022644828     0.022881955     0.023073446     0.023218120     0.023315079     0.023363719     0.023363738     0.023315135     0.023218215     0.023073580     0.022882128     0.022645042     0.022363776     0.022040043     0.021675796     0.021273208     0.020834652     0.020362676     0.019859980     0.019329388     0.018773826     0.018196291     0.017599825     0.016987491     0.016362346     0.015727416     0.015085672     0.014440008     0.013793223     0.013147997     0.012506882     0.011872279     0.011246432     0.010631416     0.010029128     0.009441282     0.008869406     0.008314841     0.007778739     0.007262069     0.006765617     0.006289998     0.005835656     0.005402875     0.004991789     0.004602394     0.004234554     0.003888014     0.003562413     0.003257296     0.002972122     0.002706280     0.002459095     0.002229844     0.002017765     0.001822063     0.001641924     0.001476521     0.001325023     0.001186599     0.001060430     0.000945707     0.000841645     0.000747478     0.000662469     0.000585908     0.000517120     0.000455460     0.000400319     0.000351124     0.000307335     0.000268449     0.000233996     0.000203541     0.000176683     0.000153050     0.000132303     0.000114131     0.000098251     0.000084404     0.000072359     0.000061904     0.000052849     0.000045025     0.000038280     0.000032477     0.000027497     0.000023232     0.000019588     0.000016481     0.000013839     0.000011595     0.000009695     0.000008090     0.000006736     0.000005598     0.000004642     0.000003841     0.000003172     0.000002614     0.000002149     0.000001764     0.000001444     0.000001180     0.000000963     0.000000783     0.000000636     0.000000515     0.000000417     0.000000336 
    0.001045953     0.001172938     0.001312602     0.001465840     0.001633560     0.001816682     0.002016127     0.002232812     0.002467639     0.002721487     0.002995202     0.003289586     0.003605384     0.003943275     0.004303857     0.004687636     0.005095010     0.005526262     0.005981542     0.006460855     0.006964053     0.007490821     0.008040664     0.008612905     0.009206672     0.009820890     0.010454283     0.011105366     0.011772447     0.012453626     0.013146802     0.013849677     0.014559766     0.015274407     0.015990776     0.016705903     0.017416689     0.018119927     0.018812328     0.019490539     0.020151175     0.020790845     0.021406179     0.021993856     0.022550638     0.023073396     0.023559140     0.024005049     0.024408495     0.024767071     0.025078614     0.025341228     0.025553303     0.025713528     0.025820911     0.025874783     0.025874808     0.025820986     0.025713653     0.025553479     0.025341456     0.025078896     0.024767407     0.024408889     0.024005502     0.023559654     0.023073973     0.022551280     0.021994566     0.021406959     0.020791699     0.020152104     0.019491544     0.018813412     0.018121092     0.017417935     0.016707232     0.015992188     0.015275902     0.014561344     0.013851337     0.013148543     0.012455445     0.011774342     0.011107334     0.010456320     0.009822992     0.009208834     0.008615123     0.008042931     0.007493130     0.006966399     0.006463231     0.005983940     0.005528675     0.005097431     0.004690056     0.004306270     0.003945673     0.003607760     0.003291932     0.002997512     0.002723754     0.002469856     0.002234975     0.002018230     0.001818720     0.001635530     0.001467737     0.001314424     0.001174682     0.001047617     0.000932357     0.000828056     0.000733897     0.000649095     0.000572900     0.000504601     0.000443521     0.000389026     0.000340519     0.000297442     0.000259275     0.000225537     0.000195782     0.000169599     0.000146614     0.000126480     0.000108885     0.000093544     0.000080197     0.000068611     0.000058578     0.000049908     0.000042432     0.000036002     0.000030483     0.000025756     0.000021717     0.000018273     0.000015344     0.000012857     0.000010751     0.000008971     0.000007470     0.000006208     0.000005148     0.000004260     0.000003518     0.000002899     0.000002384     0.000001956     0.000001602     0.000001309     0.000001068     0.000000869     0.000000706     0.000000572     0.000000463     0.000000373 
    0.001155957     0.001296297     0.001450650     0.001620004     0.001805363     0.002007744     0.002228165     0.002467639     0.002727162     0.003007708     0.003310210     0.003635555     0.003984566     0.004357993     0.004756498     0.005180639     0.005630857     0.006107464     0.006610626     0.007140349     0.007696469     0.008278637     0.008886308     0.009518733     0.010174946     0.010853762     0.011553770     0.012273328     0.013010567     0.013763386     0.014529464     0.015306261     0.016091031     0.016880831     0.017672542     0.018462880     0.019248420     0.020025619     0.020790840     0.021540380     0.022270497     0.022977443     0.023657492     0.024306977     0.024922317     0.025500056     0.026036888     0.026529695     0.026975574     0.027371864     0.027716175     0.028006412     0.028240794     0.028417874     0.028536555     0.028596097     0.028596130     0.028536653     0.028418039     0.028241025     0.028006712     0.027716546     0.027372307     0.026976092     0.026530291     0.026037564     0.025500815     0.024923163     0.024307912     0.023658520     0.022978566     0.022271719     0.021541704     0.020792268     0.020027152     0.019250060     0.018464629     0.017674401     0.016882800     0.016093108     0.015308447     0.014531755     0.013765781     0.013013062     0.012275919     0.011556452     0.010856530     0.010177793     0.009521652     0.008889292     0.008281678     0.007699558     0.007143477     0.006613783     0.006110641     0.005634044     0.005183825     0.004759675     0.004361150     0.003987693     0.003638643     0.003313251     0.003010693     0.002730082     0.002470486     0.002230934     0.002010428     0.001807956     0.001622501     0.001453048     0.001298592     0.001158147     0.001030748     0.000915461     0.000811381     0.000717643     0.000633418     0.000557918     0.000490399     0.000430157     0.000376532     0.000328909     0.000286714     0.000249414     0.000216516     0.000187568     0.000162153     0.000139891     0.000120435     0.000103470     0.000088711     0.000075899     0.000064802     0.000055213     0.000046946     0.000039833     0.000033728     0.000028499     0.000024031     0.000020222     0.000016980     0.000014229     0.000011899     0.000009930     0.000008269     0.000006872     0.000005699     0.000004716     0.000003895     0.000003210     0.000002640     0.000002166     0.000001774     0.000001450     0.000001183     0.000000962     0.000000782     0.000000634     0.000000512     0.000000414 
    0.001274871     0.001429648     0.001599879     0.001786655     0.001991082     0.002214282     0.002457378     0.002721487     0.003007708     0.003317114     0.003650734     0.004009547     0.004394461     0.004806304     0.005245803     0.005713575     0.006210108     0.006735745     0.007290667     0.007874883     0.008488212     0.009130268     0.009800451     0.010497933     0.011221652     0.011970298     0.012742317     0.013535897     0.014348975     0.015179238     0.016024123     0.016880830     0.017746330     0.018617379     0.019490534     0.020362174     0.021228524     0.022085675     0.022929616     0.023756262     0.024561488     0.025341159     0.026091166     0.026807465     0.027486108     0.028123281     0.028715340     0.029258845     0.029750595     0.030187654     0.030567388     0.030887486     0.031145983     0.031341285     0.031472180     0.031537854     0.031537897     0.031472309     0.031341501     0.031146288     0.030887880     0.030567875     0.030188236     0.029751275     0.029259627     0.028716227     0.028124277     0.027487218     0.026808693     0.026092515     0.025342633     0.024563092     0.023757999     0.022931489     0.022087687     0.021230678     0.020364471     0.019492973     0.018619962     0.017749057     0.016883699     0.016027131     0.015182381     0.014352250     0.013539297     0.012745837     0.011973931     0.011225388     0.010501765     0.009804367     0.009134258     0.008492265     0.007878988     0.007294810     0.006739914     0.006214291     0.005717758     0.005249973     0.004810447     0.004398566     0.004013601     0.003654725     0.003321031     0.003011540     0.002725224     0.002461012     0.002217804     0.001994485     0.001789933     0.001603027     0.001432661     0.001277746     0.001137219     0.001010049     0.000895240     0.000791837     0.000698925     0.000615636     0.000541149     0.000474689     0.000415528     0.000362987     0.000316432     0.000275276     0.000238977     0.000207035     0.000178990     0.000154424     0.000132953     0.000114230     0.000097940     0.000083800     0.000071552     0.000060967     0.000051841     0.000043989     0.000037249     0.000031476     0.000026543     0.000022336     0.000018757     0.000015719     0.000013146     0.000010971     0.000009136     0.000007593     0.000006297     0.000005212     0.000004304     0.000003548     0.000002918     0.000002395     0.000001961     0.000001603     0.000001307     0.000001064     0.000000864     0.000000700     0.000000567     0.000000457 
    0.001403092     0.001573436     0.001760788     0.001966349     0.002191337     0.002436985     0.002704530     0.002995202     0.003310210     0.003650734     0.004017909     0.004412810     0.004836437     0.005289701     0.005773403     0.006288222     0.006834694     0.007413196     0.008023930     0.008666905     0.009341919     0.010048551     0.010786138     0.011553770     0.012350277     0.013174219     0.014023884     0.014897279     0.015792133     0.016705900     0.017635761     0.018578632     0.019531180     0.020489835     0.021450808     0.022410116     0.023363600     0.024306960     0.025235781     0.026145569     0.027031782     0.027889870     0.028715312     0.029503655     0.030250554     0.030951814     0.031603422     0.032201594     0.032742805     0.033223826     0.033641756     0.033994053     0.034278555     0.034493506     0.034637573     0.034709860     0.034709916     0.034637742     0.034493789     0.034278953     0.033994569     0.033642393     0.033224587     0.032743694     0.032202617     0.031604583     0.030953117     0.030252006     0.029505260     0.028717076     0.027891799     0.027033881     0.026147842     0.025238232     0.024309592     0.023366417     0.022413120     0.021454001     0.020493215     0.019534747     0.018582385     0.017639695     0.016710013     0.015796417     0.014901727     0.014028489     0.013178971     0.012355165     0.011558782     0.010791261     0.010053771     0.009347223     0.008672275     0.008029351     0.007418651     0.006840166     0.006293694     0.005778858     0.005295122     0.004841808     0.004418114     0.004023131     0.003655859     0.003315224     0.003000092     0.002709285     0.002441593     0.002195789     0.001970637     0.001764906     0.001577377     0.001406853     0.001252164     0.001112174     0.000985789     0.000871956     0.000769670     0.000677977     0.000595970     0.000522798     0.000457660     0.000399809     0.000348547     0.000303229     0.000263257     0.000228080     0.000197195     0.000170139     0.000146491     0.000125869     0.000107926     0.000092349     0.000078857     0.000067196     0.000057141     0.000048489     0.000041063     0.000034701     0.000029264     0.000024628     0.000020683     0.000017334     0.000014498     0.000012100     0.000010077     0.000008376     0.000006947     0.000005750     0.000004749     0.000003914     0.000003219     0.000002643     0.000002164     0.000001769     0.000001443     0.000001175     0.000000954     0.000000773     0.000000625     0.000000505 
    0.001540995     0.001728081     0.001933848     0.002159611     0.002406712     0.002676504     0.002970346     0.003289586     0.003635555     0.004009547     0.004412810     0.004846524     0.005311787     0.005809600     0.006340843     0.006906261     0.007506443     0.008141803     0.008812564     0.009518733     0.010260091     0.011036174     0.011846255     0.012689334     0.013564126     0.014469049     0.015402224     0.016361460     0.017344266     0.018347843     0.019369095     0.020404637     0.021450807     0.022503684     0.023559107     0.024612701     0.025659899     0.026695978     0.027716090     0.028715298     0.029688614     0.030631041     0.031537613     0.032403441     0.033223752     0.033993938     0.034709593     0.035366561     0.035960969     0.036489273     0.036948286     0.037335215     0.037647686     0.037883772     0.038042008     0.038121410     0.038121484     0.038042229     0.037884141     0.037648206     0.037335888     0.036949116     0.036490265     0.035962129     0.035367895     0.034711107     0.033995638     0.033225646     0.032405535     0.031539915     0.030633557     0.029691351     0.028718262     0.027719286     0.026699412     0.025663573     0.024616619     0.023563271     0.022508092     0.021455460     0.020409531     0.019374227     0.018353207     0.017349854     0.016367263     0.015408230     0.014475247     0.013570501     0.012695871     0.011852937     0.011042983     0.010267008     0.009525737     0.008819634     0.008148918     0.007513580     0.006913398     0.006347957     0.005816670     0.005318792     0.004853441     0.004419620     0.004016231     0.003642094     0.003295964     0.002976547     0.002682515     0.002412519     0.002165205     0.001939218     0.001733222     0.001545900     0.001375969     0.001222183     0.001083338     0.000958279     0.000845902     0.000745159     0.000655056     0.000574657     0.000503083     0.000439512     0.000383180     0.000333378     0.000289448     0.000250787     0.000216840     0.000187101     0.000161106     0.000138436     0.000118709     0.000101583     0.000086748     0.000073925     0.000062868     0.000053354     0.000045185     0.000038188     0.000032208     0.000027107     0.000022767     0.000019083     0.000015961     0.000013322     0.000011096     0.000009223     0.000007651     0.000006333     0.000005231     0.000004312     0.000003547     0.000002911     0.000002385     0.000001949     0.000001590     0.000001294     0.000001052     0.000000852     0.000000689     0.000000557 
    0.001688930     0.001893976     0.002119496     0.002366933     0.002637755     0.002933447     0.003255497     0.003605384     0.003984566     0.004394461     0.004836437     0.005311787     0.005821716     0.006367318     0.006949560     0.007569258     0.008227057     0.008923412     0.009658565     0.010432526     0.011245054     0.012095641     0.012983489     0.013907503     0.014866274     0.015858071     0.016880829     0.017932152     0.019009307     0.020109227     0.021228519     0.022363472     0.023510075     0.024664028     0.025820772     0.026975511     0.028123240     0.029258783     0.030376827     0.031471960     0.032538715     0.033571617     0.034565222     0.035514172     0.036413237     0.037257364     0.038041726     0.038761767     0.039413244     0.039992272     0.040495357     0.040919440     0.041261919     0.041520680     0.041694118     0.041781156     0.041781252     0.041694405     0.041521159     0.041262594     0.040920315     0.040496437     0.039993563     0.039414753     0.038763501     0.038043694     0.037259574     0.036415699     0.035516895     0.034568215     0.033574888     0.032542274     0.031475814     0.030380983     0.029263248     0.028128018     0.026980605     0.025826185     0.024669760     0.023516124     0.022369836     0.021235191     0.020116201     0.019016572     0.017939696     0.016888638     0.015866129     0.014874564     0.013916003     0.012992177     0.012104494     0.011254047     0.010441632     0.009667757     0.008932662     0.008236336     0.007578537     0.006958810     0.006376511     0.005830823     0.005320781     0.004845292     0.004403152     0.003993068     0.003613676     0.003263559     0.002941262     0.002645306     0.002374205     0.002126479     0.001900660     0.001695307     0.001509014     0.001340415     0.001188191     0.001051078     0.000927864     0.000817402     0.000718602     0.000630439     0.000551949     0.000482233     0.000420452     0.000365829     0.000317644     0.000275236     0.000237997     0.000205371     0.000176852     0.000151978     0.000130332     0.000111538     0.000095257     0.000081184     0.000069047     0.000058603     0.000049635     0.000041953     0.000035386     0.000029785     0.000025019     0.000020972     0.000017543     0.000014644     0.000012199     0.000010141     0.000008412     0.000006964     0.000005753     0.000004742     0.000003901     0.000003203     0.000002624     0.000002145     0.000001750     0.000001425     0.000001157     0.000000938     0.000000759     0.000000613 
    0.001847214     0.002071477     0.002318132     0.002588758     0.002884962     0.003208366     0.003560597     0.003943275     0.004357993     0.004806304     0.005289701     0.005809600     0.006367318     0.006964053     0.007600862     0.008278637     0.008998084     0.009759701     0.010563751     0.011410246     0.012298924     0.013229226     0.014200282     0.015210894     0.016259520     0.017344266     0.018462875     0.019612727     0.020790832     0.021993835     0.023218026     0.024459346     0.025713406     0.026975507     0.028240660     0.029503620     0.030758915     0.032000881     0.033223708     0.034421477     0.035588209     0.036717916     0.037804644     0.038842531     0.039825859     0.040749102     0.041606979     0.042394508     0.043107049     0.043740350     0.044290594     0.044754433     0.045129020     0.045412046     0.045601755     0.045696967     0.045697091     0.045602126     0.045412667     0.045129895     0.044755567     0.044291994     0.043742023     0.043109004     0.042396756     0.041609530     0.040751967     0.039829050     0.038846060     0.037808522     0.036722156     0.035592822     0.034426472     0.033229094     0.032006667     0.030765107     0.029510223     0.028247676     0.026982937     0.025721247     0.024467594     0.023226674     0.022002874     0.020800248     0.019622506     0.018472997     0.017354710     0.016270263     0.015221910     0.014211543     0.013240701     0.012310580     0.011422049     0.010575665     0.009771690     0.009010111     0.008290664     0.007612852     0.006975968     0.006379122     0.005821257     0.005301177     0.004817567     0.004369013     0.003954023     0.003571047     0.003218494     0.002894748     0.002598184     0.002327182     0.002080140     0.001855480     0.001651665     0.001467201     0.001300648     0.001150620     0.001015797     0.000894920     0.000786800     0.000690315     0.000604413     0.000528107     0.000460483     0.000400690     0.000347942     0.000301513     0.000260741     0.000225017     0.000193787     0.000166546     0.000142839     0.000122254     0.000104419     0.000089001     0.000075703     0.000064259     0.000054432     0.000046012     0.000038814     0.000032675     0.000027449     0.000023011     0.000019251     0.000016072     0.000013389     0.000011132     0.000009235     0.000007646     0.000006317     0.000005208     0.000004285     0.000003518     0.000002882     0.000002357     0.000001923     0.000001565     0.000001272     0.000001031     0.000000834     0.000000674 
    0.002016127     0.002260897     0.002530107     0.002825480     0.003148769     0.003501746     0.003886186     0.004303857     0.004756498     0.005245803     0.005773403     0.006340843     0.006949560     0.007600862     0.008295902     0.009035655     0.009820890     0.010652150     0.011529724     0.012453625     0.013423566     0.014438937     0.015498788     0.016601813     0.017746328     0.018930265     0.020151164     0.021406161     0.022691994     0.024005003     0.025341137     0.026695967     0.028064703     0.029442214     0.030823057     0.032201506     0.033571589     0.034927125     0.036261773     0.037569071     0.038842496     0.040075508     0.041261613     0.042394413     0.043467664     0.044475337     0.045411668     0.046271219     0.047048926     0.047740149     0.048340722     0.048846989     0.049255846     0.049564770     0.049771846     0.049875788     0.049875947     0.049772326     0.049565573     0.049256976     0.048848454     0.048342530     0.047742311     0.047051453     0.046274124     0.045414964     0.044479039     0.043471788     0.042398973     0.041266625     0.040080987     0.038848455     0.037575525     0.036268732     0.034934602     0.033579590     0.032210037     0.030832122     0.029451813     0.028074834     0.026706625     0.025352312     0.024016682     0.022704161     0.021418795     0.020164242     0.018943761     0.017760209     0.016616047     0.015513339     0.014453763     0.013438626     0.012468876     0.011545119     0.010667641     0.009836430     0.009051195     0.008311394     0.007616257     0.006964812     0.006355905     0.005788232     0.005260356     0.004770736     0.004317744     0.003899688     0.003514832     0.003161413     0.002837659     0.002541801     0.002272090     0.002026808     0.001804275     0.001602862     0.001420996     0.001257168     0.001109936     0.000977926     0.000859842     0.000754458     0.000660626     0.000577273     0.000503397     0.000438071     0.000380437     0.000329704     0.000285148     0.000246105     0.000211971     0.000182194     0.000156277     0.000133770     0.000114268     0.000097408     0.000082864     0.000070346     0.000059596     0.000050383     0.000042507     0.000035788     0.000030068     0.000025211     0.000021094     0.000017612     0.000014675     0.000012202     0.000010125     0.000008384     0.000006927     0.000005712     0.000004700     0.000003860     0.000003163     0.000002586     0.000002110     0.000001718     0.000001396     0.000001132     0.000000916     0.000000740 
