    0.016165362     0.017118546     0.018109062     0.019136946     0.020202118     0.021304375     0.022443382     0.023618669     0.024829624     0.026075490     0.027355359     0.028668170     0.030012705     0.031387586     0.032791275     0.034222071     0.035678115     0.037157382     0.038657693     0.040176710     0.041711942     0.043260752     0.044820358     0.046387845     0.047960166     0.049534157     0.051106540     0.052673938     0.054232885     0.055779837     0.057311185     0.058823266     0.060312384     0.061774817     0.063206836     0.064604719     0.065964769     0.067283327     0.068556791     0.069781630     0.070954403     0.072071773     0.073130521     0.074127565     0.075059975     0.075924984     0.076720003     0.077442635     0.078090686     0.078662179     0.079155357     0.079568700     0.079900928     0.080151009     0.080318164     0.080401872     0.080401872     0.080318164     0.080151009     0.079900928     0.079568700     0.079155357     0.078662179     0.078090686     0.077442635     0.076720003     0.075924984     0.075059975     0.074127565     0.073130521     0.072071773     0.070954403     0.069781630     0.068556791     0.067283327     0.065964769     0.064604719     0.063206836     0.061774817     0.060312384     0.058823266     0.057311185     0.055779837     0.054232885     0.052673938     0.051106540     0.049534157     0.047960166     0.046387845     0.044820358     0.043260752     0.041711942     0.040176710     0.038657693     0.037157382     0.035678115     0.034222071     0.032791275     0.031387586     0.030012705     0.028668170     0.027355359     0.026075490     0.024829624     0.023618669     0.022443382     0.021304375     0.020202118     0.019136946     0.018109062     0.017118546     0.016165362     0.015249359     0.014370284     0.013527786     0.012721424     0.011950671     0.011214929     0.010513524     0.009845726     0.009210746     0.008607746     0.008035847     0.007494136     0.006981665     0.006497467     0.006040554     0.005609926     0.005204572     0.004823481     0.004465640     0.004130042     0.003815687     0.003521590     0.003246776     0.002990291     0.002751201     0.002528592     0.002321575     0.002129288     0.001950893     0.001785584     0.001632581     0.001491135     0.001360525     0.001240063     0.001129091     0.001026978     0.000933128     0.000846972     0.000767970     0.000695612     0.000629416     0.000568926     0.000513715     0.000463378     0.000417538     0.000375842     0.000337957     0.000303574 
    0.017118546     0.018127935     0.019176856     0.020265349     0.021393329     0.022560580     0.023766748     0.025011335     0.026293694     0.027613022     0.028968358     0.030358579     0.031782393     0.033238343     0.034724800     0.036239963     0.037781861     0.039348353     0.040937130     0.042545714     0.044171471     0.045811606     0.047463174     0.049123087     0.050788120     0.052454920     0.054120018     0.055779837     0.057430707     0.059068875     0.060690517     0.062291759     0.063868682     0.065417347     0.066933804     0.068414113     0.069854357     0.071250663     0.072599217     0.073896278     0.075138203     0.076321458     0.077442635     0.078498470     0.079485859     0.080401872     0.081243769     0.082009011     0.082695275     0.083300465     0.083822723     0.084260439     0.084612256     0.084877083     0.085054095     0.085142739     0.085142739     0.085054095     0.084877083     0.084612256     0.084260439     0.083822723     0.083300465     0.082695275     0.082009011     0.081243769     0.080401872     0.079485859     0.078498470     0.077442635     0.076321458     0.075138203     0.073896278     0.072599217     0.071250663     0.069854357     0.068414113     0.066933804     0.065417347     0.063868682     0.062291759     0.060690517     0.059068875     0.057430707     0.055779837     0.054120018     0.052454920     0.050788120     0.049123087     0.047463174     0.045811606     0.044171471     0.042545714     0.040937130     0.039348353     0.037781861     0.036239963     0.034724800     0.033238343     0.031782393     0.030358579     0.028968358     0.027613022     0.026293694     0.025011335     0.023766748     0.022560580     0.021393329     0.020265349     0.019176856     0.018127935     0.017118546     0.016148532     0.015217622     0.014325447     0.013471538     0.012655338     0.011876213     0.011133450     0.010426276     0.009753854     0.009115298     0.008509678     0.007936025     0.007393337     0.006880588     0.006396733     0.005940713     0.005511458     0.005107895     0.004728954     0.004373568     0.004040678     0.003729239     0.003438221     0.003166613     0.002913424     0.002677689     0.002458466     0.002254840     0.002065927     0.001890871     0.001728846     0.001579059     0.001440748     0.001313183     0.001195667     0.001087534     0.000988150     0.000896913     0.000813253     0.000736629     0.000666530     0.000602473     0.000544006     0.000490701     0.000442158     0.000398003     0.000357884     0.000321474 
    0.018109062     0.019176856     0.020286469     0.021437945     0.022631192     0.023865983     0.025141942     0.026458544     0.027815103     0.029210770     0.030644528     0.032115190     0.033621390     0.035161584     0.036734050     0.038336884     0.039968000     0.041625132     0.043305838     0.045007499     0.046727326     0.048462362     0.050209494     0.051965453     0.053726828     0.055490072     0.057251516     0.059007377     0.060753770     0.062486725     0.064202199     0.065896092     0.067564259     0.069202533     0.070806736     0.072372698     0.073896278     0.075373378     0.076799961     0.078172073     0.079485859     0.080737579     0.081923629     0.083040557     0.084085079     0.085054095     0.085944706     0.086754226     0.087480198     0.088120406     0.088672883     0.089135926     0.089508101     0.089788251     0.089975505     0.090069278     0.090069278     0.089975505     0.089788251     0.089508101     0.089135926     0.088672883     0.088120406     0.087480198     0.086754226     0.085944706     0.085054095     0.084085079     0.083040557     0.081923629     0.080737579     0.079485859     0.078172073     0.076799961     0.075373378     0.073896278     0.072372698     0.070806736     0.069202533     0.067564259     0.065896092     0.064202199     0.062486725     0.060753770     0.059007377     0.057251516     0.055490072     0.053726828     0.051965453     0.050209494     0.048462362     0.046727326     0.045007499     0.043305838     0.041625132     0.039968000     0.038336884     0.036734050     0.035161584     0.033621390     0.032115190     0.030644528     0.029210770     0.027815103     0.026458544     0.025141942     0.023865983     0.022631192     0.021437945     0.020286469     0.019176856     0.018109062     0.017082920     0.016098146     0.015154348     0.014251029     0.013387603     0.012563395     0.011777655     0.011029562     0.010318232     0.009642729     0.009002066     0.008395220     0.007821131     0.007278714     0.006766862     0.006284455     0.005830362     0.005403449     0.005002582     0.004626632     0.004274480     0.003945020     0.003637164     0.003349840     0.003082001     0.002832626     0.002600718     0.002385310     0.002185466     0.002000281     0.001828881     0.001670427     0.001524113     0.001389167     0.001264851     0.001150461     0.001045326     0.000948811     0.000860310     0.000779252     0.000705096     0.000637333     0.000575483     0.000519094     0.000467742     0.000421032     0.000378592     0.000340076 
    0.019136946     0.020265349     0.021437945     0.022654778     0.023915755     0.025220634     0.026569018     0.027960351     0.029393909     0.030868795     0.032383935     0.033938072     0.035529765     0.037157382     0.038819103     0.040512914     0.042236614     0.043987806     0.045763910     0.047562159     0.049379604     0.051213122     0.053059422     0.054915051     0.056776403     0.058639731     0.060501155     0.062356680     0.064202199     0.066033518     0.067846364     0.069636403     0.071399257     0.073130521     0.074825779     0.076480627     0.078090686     0.079651627     0.081159184     0.082609179     0.083997536     0.085320305     0.086573676     0.087754002     0.088857811     0.089881829     0.090822991     0.091678461     0.092445640     0.093122186     0.093706023     0.094195348     0.094588648     0.094884699     0.095082582     0.095181678     0.095181678     0.095082582     0.094884699     0.094588648     0.094195348     0.093706023     0.093122186     0.092445640     0.091678461     0.090822991     0.089881829     0.088857811     0.087754002     0.086573676     0.085320305     0.083997536     0.082609179     0.081159184     0.079651627     0.078090686     0.076480627     0.074825779     0.073130521     0.071399257     0.069636403     0.067846364     0.066033518     0.064202199     0.062356680     0.060501155     0.058639731     0.056776403     0.054915051     0.053059422     0.051213122     0.049379604     0.047562159     0.045763910     0.043987806     0.042236614     0.040512914     0.038819103     0.037157382     0.035529765     0.033938072     0.032383935     0.030868795     0.029393909     0.027960351     0.026569018     0.025220634     0.023915755     0.022654778     0.021437945     0.020265349     0.019136946     0.018052559     0.017011889     0.016014520     0.015059928     0.014147493     0.013276503     0.012446164     0.011655608     0.010903903     0.010190057     0.009513030     0.008871739     0.008265064     0.007691859     0.007150954     0.006641165     0.006161298     0.005710153     0.005286532     0.004889243     0.004517103     0.004168943     0.003843612     0.003539979     0.003256938     0.002993408     0.002748336     0.002520702     0.002309515     0.002113818     0.001932689     0.001765241     0.001610623     0.001468017     0.001336645     0.001215762     0.001104660     0.001002666     0.000909142     0.000823483     0.000745118     0.000673509     0.000608148     0.000548558     0.000494292     0.000444930     0.000400081     0.000359378 
    0.020202118     0.021393329     0.022631192     0.023915755     0.025246919     0.026624428     0.028047864     0.029516639     0.031029989     0.032586968     0.034186442     0.035827084     0.037507371     0.039225582     0.040979795     0.042767885     0.044587526     0.046436191     0.048311154     0.050209494     0.052128099     0.054063672     0.056012738     0.057971652     0.059936608     0.061903649     0.063868682     0.065827485     0.067775728     0.069708979     0.071622729     0.073512402     0.075373378     0.077201004     0.078990622     0.080737579     0.082437255     0.084085079     0.085676548     0.087207249     0.088672883     0.090069278     0.091392413     0.092638436     0.093803684     0.094884699     0.095878247     0.096781333     0.097591214     0.098305417     0.098921750     0.099438311     0.099853502     0.100166032     0.100374929     0.100479541     0.100479541     0.100374929     0.100166032     0.099853502     0.099438311     0.098921750     0.098305417     0.097591214     0.096781333     0.095878247     0.094884699     0.093803684     0.092638436     0.091392413     0.090069278     0.088672883     0.087207249     0.085676548     0.084085079     0.082437255     0.080737579     0.078990622     0.077201004     0.075373378     0.073512402     0.071622729     0.069708979     0.067775728     0.065827485     0.063868682     0.061903649     0.059936608     0.057971652     0.056012738     0.054063672     0.052128099     0.050209494     0.048311154     0.046436191     0.044587526     0.042767885     0.040979795     0.039225582     0.037507371     0.035827084     0.034186442     0.032586968     0.031029989     0.029516639     0.028047864     0.026624428     0.025246919     0.023915755     0.022631192     0.021393329     0.020202118     0.019057374     0.017958780     0.016905896     0.015898172     0.014934950     0.014015480     0.013138924     0.012304366     0.011510820     0.010757241     0.010042531     0.009365544     0.008725102     0.008119992     0.007548980     0.007010816     0.006504239     0.006027983     0.005580783     0.005161381     0.004768527     0.004400988     0.004057549     0.003737016     0.003438221     0.003160022     0.002901310     0.002661006     0.002438064     0.002231474     0.002040264     0.001863496     0.001700271     0.001549728     0.001411043     0.001283432     0.001166146     0.001058475     0.000959745     0.000869318     0.000786592     0.000710997     0.000641997     0.000579091     0.000521804     0.000469695     0.000422350     0.000379382 
    0.021304375     0.022560580     0.023865983     0.025220634     0.026624428     0.028077095     0.029578196     0.031127110     0.032723031     0.034364961     0.036051704     0.037781861     0.039553827     0.041365787     0.043215712     0.045101363     0.047020286     0.048969817     0.050947081     0.052948997     0.054972284     0.057013465     0.059068875     0.061134670     0.063206836     0.065281202     0.067353450     0.069419129     0.071473670     0.073512402     0.075530569     0.077523346     0.079485859     0.081413203     0.083300465     0.085142739     0.086935152     0.088672883     0.090351185     0.091965404     0.093511005     0.094983589     0.096378916     0.097692924     0.098921750     0.100061747     0.101109504     0.102061863     0.102915932     0.103669104     0.104319064     0.104863810     0.105301654     0.105631237     0.105851531     0.105961851     0.105961851     0.105851531     0.105631237     0.105301654     0.104863810     0.104319064     0.103669104     0.102915932     0.102061863     0.101109504     0.100061747     0.098921750     0.097692924     0.096378916     0.094983589     0.093511005     0.091965404     0.090351185     0.088672883     0.086935152     0.085142739     0.083300465     0.081413203     0.079485859     0.077523346     0.075530569     0.073512402     0.071473670     0.069419129     0.067353450     0.065281202     0.063206836     0.061134670     0.059068875     0.057013465     0.054972284     0.052948997     0.050947081     0.048969817     0.047020286     0.045101363     0.043215712     0.041365787     0.039553827     0.037781861     0.036051704     0.034364961     0.032723031     0.031127110     0.029578196     0.028077095     0.026624428     0.025220634     0.023865983     0.022560580     0.021304375     0.020097172     0.018938637     0.017828307     0.016765599     0.015749823     0.014780185     0.013855803     0.012975710     0.012138867     0.011344172     0.010590466     0.009876542     0.009201156     0.008563030     0.007960863     0.007393337     0.006859120     0.006356879     0.005885279     0.005442993     0.005028705     0.004641113     0.004278935     0.003940913     0.003625815     0.003332438     0.003059610     0.002806194     0.002571088     0.002353227     0.002151584     0.001965171     0.001793040     0.001634283     0.001488032     0.001353458     0.001229772     0.001116227     0.001012110     0.000916750     0.000829509     0.000749790     0.000677026     0.000610687     0.000550275     0.000495323     0.000445394     0.000400081 
    0.022443382     0.023766748     0.025141942     0.026569018     0.028047864     0.029578196     0.031159551     0.032791275     0.034472519     0.036202233     0.037979155     0.039801813     0.041668515     0.043577348     0.045526176     0.047512641     0.049534157     0.051587916     0.053670892     0.055779837     0.057911296     0.060061606     0.062226905     0.064403145     0.066586097     0.068771366     0.070954403     0.073130521     0.075294905     0.077442635     0.079568700     0.081668018     0.083735453     0.085765840     0.087754002     0.089694770     0.091583012     0.093413648     0.095181678     0.096882199     0.098510433     0.100061747     0.101531673     0.102915932     0.104210455     0.105411401     0.106515175     0.107518450     0.108418181     0.109211620     0.109896330     0.110470200     0.110931452     0.111278655     0.111510728     0.111626945     0.111626945     0.111510728     0.111278655     0.110931452     0.110470200     0.109896330     0.109211620     0.108418181     0.107518450     0.106515175     0.105411401     0.104210455     0.102915932     0.101531673     0.100061747     0.098510433     0.096882199     0.095181678     0.093413648     0.091583012     0.089694770     0.087754002     0.085765840     0.083735453     0.081668018     0.079568700     0.077442635     0.075294905     0.073130521     0.070954403     0.068771366     0.066586097     0.064403145     0.062226905     0.060061606     0.057911296     0.055779837     0.053670892     0.051587916     0.049534157     0.047512641     0.045526176     0.043577348     0.041668515     0.039801813     0.037979155     0.036202233     0.034472519     0.032791275     0.031159551     0.029578196     0.028047864     0.026569018     0.025141942     0.023766748     0.022443382     0.021171638     0.019951164     0.018781471     0.017661947     0.016591864     0.015570386     0.014596583     0.013669437     0.012787854     0.011950671     0.011156669     0.010404577     0.009693082     0.009020840     0.008386479     0.007788610     0.007225833     0.006696740     0.006199927     0.005733995     0.005297557     0.004889243     0.004507702     0.004151608     0.003819664     0.003510602     0.003223188     0.002956223     0.002708547     0.002479039     0.002266615     0.002070236     0.001888902     0.001721657     0.001567587     0.001425818     0.001295520     0.001175904     0.001066221     0.000965762     0.000873858     0.000789876     0.000713222     0.000643336     0.000579694     0.000521804     0.000469206     0.000421471 
    0.023618669     0.025011335     0.026458544     0.027960351     0.029516639     0.031127110     0.032791275     0.034508447     0.036277733     0.038098026     0.039968000     0.041886104     0.043850559     0.045859351     0.047910234     0.050000723     0.052128099     0.054289407     0.056481461     0.058700845     0.060943922     0.063206836     0.065485525     0.067775728     0.070072994     0.072372698     0.074670054     0.076960128     0.079237853     0.081498053     0.083735453     0.085944706     0.088120406     0.090257118     0.092349393     0.094391793     0.096378916     0.098305417     0.100166032     0.101955604     0.103669104     0.105301654     0.106848556     0.108305304     0.109667617     0.110931452     0.112093028     0.113148841     0.114095688     0.114930676     0.115651242     0.116255164     0.116740571     0.117105956     0.117350181     0.117472484     0.117472484     0.117350181     0.117105956     0.116740571     0.116255164     0.115651242     0.114930676     0.114095688     0.113148841     0.112093028     0.110931452     0.109667617     0.108305304     0.106848556     0.105301654     0.103669104     0.101955604     0.100166032     0.098305417     0.096378916     0.094391793     0.092349393     0.090257118     0.088120406     0.085944706     0.083735453     0.081498053     0.079237853     0.076960128     0.074670054     0.072372698     0.070072994     0.067775728     0.065485525     0.063206836     0.060943922     0.058700845     0.056481461     0.054289407     0.052128099     0.050000723     0.047910234     0.045859351     0.043850559     0.041886104     0.039968000     0.038098026     0.036277733     0.034508447     0.032791275     0.031127110     0.029516639     0.027960351     0.026458544     0.025011335     0.023618669     0.022280328     0.020995941     0.019764995     0.018586846     0.017460726     0.016385757     0.015360959     0.014385261     0.013457512     0.012576489     0.011740908     0.010949431     0.010200677     0.009493232     0.008825652     0.008196475     0.007604226     0.007047426     0.006524597     0.006034265     0.005574973     0.005145277     0.004743756     0.004369014     0.004019687     0.003694441     0.003391975     0.003111031     0.002850385     0.002608858     0.002385310     0.002178647     0.001987818     0.001811815     0.001649676     0.001500484     0.001363363     0.001237483     0.001122056     0.001016336     0.000919619     0.000831239     0.000750571     0.000677026     0.000610051     0.000549130     0.000493777     0.000443542 
    0.024829624     0.026293694     0.027815103     0.029393909     0.031029989     0.032723031     0.034472519     0.036277733     0.038137732     0.040051353     0.042017203     0.044033651     0.046098825     0.048210610     0.050366644     0.052564315     0.054800764     0.057072885     0.059377328     0.061710502     0.064068584     0.066447520     0.068843040     0.071250663     0.073665713     0.076083326     0.078498470     0.080905958     0.083300465     0.085676548     0.088028662     0.090351185     0.092638436     0.094884699     0.097084247     0.099231364     0.101320369     0.103345643     0.105301654     0.107182980     0.108984332     0.110700586     0.112326798     0.113858236     0.115290396     0.116619029     0.117840160     0.118950106     0.119945499     0.120823298     0.121580808     0.122215694     0.122725988     0.123110107     0.123366853     0.123495427     0.123495427     0.123366853     0.123110107     0.122725988     0.122215694     0.121580808     0.120823298     0.119945499     0.118950106     0.117840160     0.116619029     0.115290396     0.113858236     0.112326798     0.110700586     0.108984332     0.107182980     0.105301654     0.103345643     0.101320369     0.099231364     0.097084247     0.094884699     0.092638436     0.090351185     0.088028662     0.085676548     0.083300465     0.080905958     0.078498470     0.076083326     0.073665713     0.071250663     0.068843040     0.066447520     0.064068584     0.061710502     0.059377328     0.057072885     0.054800764     0.052564315     0.050366644     0.048210610     0.046098825     0.044033651     0.042017203     0.040051353     0.038137732     0.036277733     0.034472519     0.032723031     0.031029989     0.029393909     0.027815103     0.026293694     0.024829624     0.023422665     0.022072426     0.020778368     0.019539814     0.018355957     0.017225872     0.016148532     0.015122809     0.014147493     0.013221300     0.012342877     0.011510820     0.010723677     0.009979960     0.009278153     0.008616717     0.007994103     0.007408755     0.006859120     0.006343649     0.005860808     0.005409081     0.004986973     0.004593019     0.004225781     0.003883859     0.003565886     0.003270537     0.002996528     0.002742617     0.002507608     0.002290349     0.002089735     0.001904709     0.001734257     0.001577415     0.001433264     0.001300930     0.001179585     0.001068445     0.000966769     0.000873858     0.000789054     0.000711738     0.000641329     0.000577284     0.000519094     0.000466283 
    0.026075490     0.027613022     0.029210770     0.030868795     0.032586968     0.034364961     0.036202233     0.038098026     0.040051353     0.042060994     0.044125483     0.046243109     0.048411907     0.050629655     0.052893871     0.055201813     0.057550479     0.059936608     0.062356680     0.064806925     0.067283327     0.069781630     0.072297349     0.074825779     0.077362007     0.079900928     0.082437255     0.084965543     0.087480198     0.089975505     0.092445640     0.094884699     0.097286717     0.099645690     0.101955604     0.104210455     0.106404280     0.108531176     0.110585333     0.112561056     0.114452795     0.116255164     0.117962974     0.119571254     0.121075276     0.122470575     0.123752978     0.124918617     0.125963955     0.126885799     0.127681319     0.128348061     0.128883960     0.129287352     0.129556982     0.129692007     0.129692007     0.129556982     0.129287352     0.128883960     0.128348061     0.127681319     0.126885799     0.125963955     0.124918617     0.123752978     0.122470575     0.121075276     0.119571254     0.117962974     0.116255164     0.114452795     0.112561056     0.110585333     0.108531176     0.106404280     0.104210455     0.101955604     0.099645690     0.097286717     0.094884699     0.092445640     0.089975505     0.087480198     0.084965543     0.082437255     0.079900928     0.077362007     0.074825779     0.072297349     0.069781630     0.067283327     0.064806925     0.062356680     0.059936608     0.057550479     0.055201813     0.052893871     0.050629655     0.048411907     0.046243109     0.044125483     0.042060994     0.040051353     0.038098026     0.036202233     0.034364961     0.032586968     0.030868795     0.029210770     0.027613022     0.026075490     0.024597934     0.023179945     0.021820956     0.020520255     0.019276996     0.018090208     0.016958810     0.015881620     0.014857366     0.013884699     0.012962200     0.012088394     0.011261755     0.010480721     0.009743699     0.009049074     0.008395220     0.007780502     0.007203287     0.006661952     0.006154883     0.005680490     0.005237202     0.004823481     0.004437816     0.004078737     0.003744810     0.003434641     0.003146883     0.002880232     0.002633431     0.002405271     0.002194591     0.002000281     0.001821276     0.001656564     0.001505180     0.001366206     0.001238772     0.001122056     0.001015278     0.000917705     0.000828646     0.000747450     0.000673509     0.000606250     0.000545140     0.000489679 
    0.027355359     0.028968358     0.030644528     0.032383935     0.034186442     0.036051704     0.037979155     0.039968000     0.042017203     0.044125483     0.046291304     0.048512870     0.050788120     0.053114721     0.055490072     0.057911296     0.060375243     0.062878490     0.065417347     0.067987858     0.070585810     0.073206738     0.075845936     0.078498470     0.081159184     0.083822723     0.086483542     0.089135926     0.091774009     0.094391793     0.096983171     0.099541947     0.102061863     0.104536622     0.106959914     0.109325441     0.111626945     0.113858236     0.116013218     0.118085916     0.120070507     0.121961343     0.123752978     0.125440197     0.127018041     0.128481826     0.129827173     0.131050026     0.132146673     0.133113764     0.133948330     0.134647798     0.135210001     0.135633193     0.135916057     0.136057710     0.136057710     0.135916057     0.135633193     0.135210001     0.134647798     0.133948330     0.133113764     0.132146673     0.131050026     0.129827173     0.128481826     0.127018041     0.125440197     0.123752978     0.121961343     0.120070507     0.118085916     0.116013218     0.113858236     0.111626945     0.109325441     0.106959914     0.104536622     0.102061863     0.099541947     0.096983171     0.094391793     0.091774009     0.089135926     0.086483542     0.083822723     0.081159184     0.078498470     0.075845936     0.073206738     0.070585810     0.067987858     0.065417347     0.062878490     0.060375243     0.057911296     0.055490072     0.053114721     0.050788120     0.048512870     0.046291304     0.044125483     0.042017203     0.039968000     0.037979155     0.036051704     0.034186442     0.032383935     0.030644528     0.028968358     0.027355359     0.025805280     0.024317691     0.022891999     0.021527456     0.020223173     0.018978134     0.017791203     0.016661141     0.015586614     0.014566205     0.013598427     0.012681731     0.011814518     0.010995149     0.010221951     0.009493232     0.008807284     0.008162394     0.007556848     0.006988942     0.006456985     0.005959307     0.005494261     0.005060233     0.004655639     0.004278935     0.003928617     0.003603224     0.003301342     0.003021603     0.002762688     0.002523329     0.002302309     0.002098461     0.001910670     0.001737874     0.001579059     0.001433264     0.001299575     0.001177130     0.001065111     0.000962749     0.000869318     0.000784138     0.000706567     0.000636007     0.000571897     0.000513715 
    0.028668170     0.030358579     0.032115190     0.033938072     0.035827084     0.037781861     0.039801813     0.041886104     0.044033651     0.046243109     0.048512870     0.050841052     0.053225492     0.055663750     0.058153097     0.060690517     0.063272711     0.065896092     0.068556791     0.071250663     0.073973294     0.076720003     0.079485859     0.082265690     0.085054095     0.087845460     0.090633974     0.093413648     0.096178336     0.098921750     0.101637490     0.104319064     0.106959914     0.109553440     0.112093028     0.114572078     0.116984034     0.119322407     0.121580808     0.123752978     0.125832811     0.127814390     0.129692007     0.131460198     0.133113764     0.134647798     0.136057710     0.137339248     0.138488524     0.139502027     0.140376645     0.141109680     0.141698864     0.142142366     0.142438804     0.142587255     0.142587255     0.142438804     0.142142366     0.141698864     0.141109680     0.140376645     0.139502027     0.138488524     0.137339248     0.136057710     0.134647798     0.133113764     0.131460198     0.129692007     0.127814390     0.125832811     0.123752978     0.121580808     0.119322407     0.116984034     0.114572078     0.112093028     0.109553440     0.106959914     0.104319064     0.101637490     0.098921750     0.096178336     0.093413648     0.090633974     0.087845460     0.085054095     0.082265690     0.079485859     0.076720003     0.073973294     0.071250663     0.068556791     0.065896092     0.063272711     0.060690517     0.058153097     0.055663750     0.053225492     0.050841052     0.048512870     0.046243109     0.044033651     0.041886104     0.039801813     0.037781861     0.035827084     0.033938072     0.032115190     0.030358579     0.028668170     0.027043701     0.025484722     0.023990609     0.022560580     0.021193703     0.019888913     0.018645021     0.017460726     0.016334631     0.015265252     0.014251029     0.013290340     0.012381509     0.011522817     0.010712513     0.009948822     0.009229955     0.008554115     0.007919508     0.007324348     0.006766862     0.006245300     0.005757936     0.005303078     0.004879068     0.004484285     0.004117155     0.003776147     0.003459777     0.003166613     0.002895272     0.002644426     0.002412799     0.002199168     0.002002365     0.001821276     0.001654840     0.001502047     0.001361943     0.001233621     0.001116227     0.001008952     0.000911038     0.000821769     0.000740476     0.000666530     0.000599343     0.000538368 
    0.030012705     0.031782393     0.033621390     0.035529765     0.037507371     0.039553827     0.041668515     0.043850559     0.046098825     0.048411907     0.050788120     0.053225492     0.055721763     0.058274375     0.060880472     0.063536897     0.066240196     0.068986612     0.071772098     0.074592313     0.077442635     0.080318164     0.083213739     0.086123944     0.089043124     0.091965404     0.094884699     0.097794740     0.100689091     0.103561171     0.106404280     0.109211620     0.111976325     0.114691486     0.117350181     0.119945499     0.122470575     0.124918617     0.127282938     0.129556982     0.131734359     0.133808873     0.135774551     0.137625670     0.139356788     0.140962768     0.142438804     0.143780447     0.144983624     0.146044660     0.146960297     0.147727712     0.148344529     0.148808830     0.149119172     0.149274585     0.149274585     0.149119172     0.148808830     0.148344529     0.147727712     0.146960297     0.146044660     0.144983624     0.143780447     0.142438804     0.140962768     0.139356788     0.137625670     0.135774551     0.133808873     0.131734359     0.129556982     0.127282938     0.124918617     0.122470575     0.119945499     0.117350181     0.114691486     0.111976325     0.109211620     0.106404280     0.103561171     0.100689091     0.097794740     0.094884699     0.091965404     0.089043124     0.086123944     0.083213739     0.080318164     0.077442635     0.074592313     0.071772098     0.068986612     0.066240196     0.063536897     0.060880472     0.058274375     0.055721763     0.053225492     0.050788120     0.048411907     0.046098825     0.043850559     0.041668515     0.039553827     0.037507371     0.035529765     0.033621390     0.031782393     0.030012705     0.028312049     0.026679953     0.025115767     0.023618669     0.022187686     0.020821702     0.019519471     0.018279633     0.017100724     0.015981191     0.014919401     0.013913656     0.012962200     0.012063236     0.011214929     0.010415421     0.009662839     0.008955302     0.008290933     0.007667859     0.007084227     0.006538204     0.006027983     0.005551792     0.005107895     0.004694598     0.004310250     0.003953248     0.003622040     0.003315127     0.003031060     0.002768450     0.002525959     0.002302309     0.002096276     0.001906694     0.001732452     0.001572493     0.001425818     0.001291478     0.001168578     0.001056272     0.000953765     0.000860310     0.000775204     0.000697790     0.000627452     0.000563618 
    0.031387586     0.033238343     0.035161584     0.037157382     0.039225582     0.041365787     0.043577348     0.045859351     0.048210610     0.050629655     0.053114721     0.055663750     0.058274375     0.060943922     0.063669404     0.066447520     0.069274656     0.072146886     0.075059975     0.078009384     0.080990279     0.083997536     0.087025757     0.090069278     0.093122186     0.096178336     0.099231364     0.102274714     0.105301654     0.108305304     0.111278655     0.114214599     0.117105956     0.119945499     0.122725988     0.125440197     0.128080947     0.130641134     0.133113764     0.135491982     0.137769105     0.139938653     0.141994378     0.143930297     0.145740717     0.147420267     0.148963920     0.150367024     0.151625318     0.152734960     0.153692543     0.154495113     0.155140185     0.155625757     0.155950315     0.156112848     0.156112848     0.155950315     0.155625757     0.155140185     0.154495113     0.153692543     0.152734960     0.151625318     0.150367024     0.148963920     0.147420267     0.145740717     0.143930297     0.141994378     0.139938653     0.137769105     0.135491982     0.133113764     0.130641134     0.128080947     0.125440197     0.122725988     0.119945499     0.117105956     0.114214599     0.111278655     0.108305304     0.105301654     0.102274714     0.099231364     0.096178336     0.093122186     0.090069278     0.087025757     0.083997536     0.080990279     0.078009384     0.075059975     0.072146886     0.069274656     0.066447520     0.063669404     0.060943922     0.058274375     0.055663750     0.053114721     0.050629655     0.048210610     0.045859351     0.043577348     0.041365787     0.039225582     0.037157382     0.035161584     0.033238343     0.031387586     0.029609023     0.027902161     0.026266319     0.024700639     0.023204103     0.021775543     0.020413657     0.019117022     0.017884107     0.016713289     0.015602858     0.014551040     0.013555998     0.012615852     0.011728684     0.010892551     0.010105493     0.009365544     0.008670740     0.008019124     0.007408755     0.006837719     0.006304125     0.005806120     0.005341888     0.004909657     0.004507702     0.004134346     0.003787966     0.003466992     0.003169913     0.002895272     0.002641673     0.002407778     0.002192306     0.001994039     0.001811815     0.001644529     0.001491135     0.001350641     0.001222110     0.001104660     0.000997457     0.000899721     0.000810716     0.000729755     0.000656196     0.000589437 
    0.032791275     0.034724800     0.036734050     0.038819103     0.040979795     0.043215712     0.045526176     0.047910234     0.050366644     0.052893871     0.055490072     0.058153097     0.060880472     0.063669404     0.066516772     0.069419129     0.072372698     0.075373378     0.078416743     0.081498053     0.084612256     0.087754002     0.090917648     0.094097279     0.097286717     0.100479541     0.103669104     0.106848556     0.110010865     0.113148841     0.116255164     0.119322407     0.122343068     0.125309599     0.128214434     0.131050026     0.133808873     0.136483555     0.139066763     0.141551338     0.143930297     0.146196869     0.148344529     0.150367024     0.152258408     0.154013069     0.155625757     0.157091609     0.158406175     0.159565442     0.160565849     0.161404311     0.162078232     0.162585518     0.162924591     0.163094393     0.163094393     0.162924591     0.162585518     0.162078232     0.161404311     0.160565849     0.159565442     0.158406175     0.157091609     0.155625757     0.154013069     0.152258408     0.150367024     0.148344529     0.146196869     0.143930297     0.141551338     0.139066763     0.136483555     0.133808873     0.131050026     0.128214434     0.125309599     0.122343068     0.119322407     0.116255164     0.113148841     0.110010865     0.106848556     0.103669104     0.100479541     0.097286717     0.094097279     0.090917648     0.087754002     0.084612256     0.081498053     0.078416743     0.075373378     0.072372698     0.069419129     0.066516772     0.063669404     0.060880472     0.058153097     0.055490072     0.052893871     0.050366644     0.047910234     0.045526176     0.043215712     0.040979795     0.038819103     0.036734050     0.034724800     0.032791275     0.030933172     0.029149977     0.027440979     0.025805280     0.024241817     0.022749370     0.021326579     0.019971957     0.018683905     0.017460726     0.016300636     0.015201779     0.014162238     0.013180047     0.012253204     0.011379678     0.010557422     0.009784382     0.009058505     0.008377748     0.007740083     0.007143509     0.006586052     0.006065776     0.005580783     0.005129223     0.004709291     0.004319239     0.003957368     0.003622040     0.003311675     0.003024752     0.002759812     0.002515456     0.002290349     0.002083215     0.001892841     0.001718074     0.001557820     0.001411043     0.001276764     0.001154062     0.001042065     0.000939957     0.000846972     0.000762391     0.000685542     0.000615797 
